1 0 2 8
1 15 9 32
1 0 34 43
1 14 45 70
1 3 70 72
1 0 75 83
1 4 83 85
1 8 85 92
1 1 92 94
1 0 94 119
1 4 119 126
1 10 126 128
1 4 128 130
1 8 130 132
1 4 132 141
1 0 141 143
1 11 143 147
1 0 147 158
1 11 160 171
1 0 173 177
1 3 177 179
1 0 179 192
1 15 192 196
1 11 198 200
1 0 201 222
1 3 222 224
1 0 226 243
1 11 247 250
1 0 250 256
1 9 256 260
1 15 260 262
1 4 262 264
1 0 265 269
1 4 269 275
1 5 275 284
1 3 290 292
1 0 292 309
1 6 309 311
1 7 311 318
1 15 318 320
1 0 320 331
1 4 333 335
1 5 335 339
1 3 339 350
1 4 350 354
1 0 356 360
1 4 361 363
1 3 363 365
1 6 365 371
1 3 371 375
1 0 375 386
1 15 386 388
1 3 390 392
1 2 393 405
1 5 405 407
1 1 410 412
1 6 412 414
1 13 414 416
1 6 416 418
1 9 420 422
1 15 422 424
1 0 425 439
1 1 442 444
1 4 444 446
1 15 446 448
1 0 448 452
1 6 452 454
1 0 454 456
1 11 457 459
1 0 459 461
1 6 461 463
1 0 463 469
1 13 469 474
1 4 474 478
1 0 478 482
1 6 482 484
2 6 2 4
2 15 6 34
2 0 36 43
2 6 43 45
2 14 45 70
2 13 73 75
2 6 75 77
2 13 79 83
2 8 83 92
2 4 94 96
2 0 96 98
2 6 98 119
2 4 119 126
2 11 126 128
2 4 128 132
2 0 132 136
2 3 137 139
2 14 139 141
2 12 141 143
2 6 145 147
2 0 147 156
2 6 156 160
2 11 160 168
2 6 169 192
2 11 192 196
2 4 196 198
2 6 198 200
2 15 201 205
2 13 207 209
2 3 209 211
2 4 211 215
2 6 215 243
2 13 243 245
2 4 245 247
2 6 247 250
2 3 250 252
2 6 254 256
2 9 256 260
2 0 265 273
2 4 273 275
2 5 275 282
2 4 282 284
2 0 290 292
2 4 292 296
2 14 299 301
2 4 301 305
2 6 305 307
2 0 307 311
2 7 311 316
2 15 316 318
2 4 318 320
2 0 322 324
2 6 324 326
2 15 329 331
2 11 331 333
2 4 333 335
2 6 335 339
2 3 339 343
2 6 350 354
2 0 354 356
2 6 358 360
2 4 361 365
2 3 365 367
2 6 367 371
2 3 371 373
2 11 375 380
2 6 382 384
2 4 384 386
2 11 386 388
2 3 388 390
2 2 393 401
2 4 401 405
2 0 410 412
2 10 418 422
2 15 422 424
2 11 425 427
2 0 429 433
2 6 433 435
2 0 435 439
2 1 439 444
2 4 444 446
2 0 448 459
2 3 461 463
2 0 463 469
2 13 469 476
2 4 476 480
2 0 480 482
2 4 482 484
3 11 0 26
3 0 26 28
3 6 30 32
3 12 32 34
3 4 34 36
3 5 36 38
3 4 38 40
3 15 41 58
3 0 58 60
3 13 60 62
3 5 66 98
3 0 98 100
3 8 102 107
3 12 107 128
3 0 128 171
3 8 171 173
3 4 175 181
3 0 181 183
3 1 183 188
3 0 188 192
3 4 192 194
3 0 194 203
3 8 203 205
3 0 207 211
3 4 211 213
3 0 215 218
3 6 218 220
3 8 220 222
3 4 222 245
3 6 245 247
3 3 247 258
3 4 258 260
3 3 262 264
3 4 267 271
3 9 273 282
3 0 282 284
3 4 284 286
3 9 286 288
3 0 290 309
3 4 309 316
3 0 316 322
3 4 324 326
3 0 329 331
3 6 331 356
3 0 358 360
3 14 365 371
3 2 371 373
3 0 373 375
3 3 375 390
3 0 393 401
3 6 401 403
3 10 403 407
3 0 407 412
3 4 412 414
3 0 414 420
3 15 420 422
3 4 422 424
3 5 425 431
3 2 431 444
3 0 446 456
3 7 457 461
3 0 461 465
3 4 467 469
3 7 469 471
3 0 471 482
3 8 482 491
3 0 491 497
3 4 497 499
3 0 499 501
4 0 0 6
4 11 9 23
4 0 23 26
4 8 28 32
4 12 34 36
4 15 38 58
4 0 58 64
4 12 64 66
4 9 66 68
4 4 68 70
4 5 73 100
4 12 100 102
4 0 105 107
4 12 109 130
4 0 130 147
4 12 149 154
4 0 154 156
4 12 158 160
4 0 160 164
4 8 169 177
4 0 179 183
4 1 183 190
4 4 190 192
4 15 194 196
4 4 196 200
4 9 201 207
4 4 207 224
4 0 224 226
4 4 226 243
4 6 243 254
4 3 254 262
4 6 265 269
4 12 269 271
4 4 273 275
4 0 275 277
4 9 277 282
4 4 282 284
4 0 284 286
4 4 286 288
4 0 290 292
4 12 294 296
4 13 297 299
4 12 299 301
4 0 301 305
4 12 305 320
4 4 320 322
4 12 322 326
4 11 326 328
4 6 333 339
4 0 339 341
4 6 341 356
4 12 356 367
4 14 367 371
4 3 371 373
4 14 373 378
4 3 378 390
4 14 393 395
4 0 395 397
4 8 397 399
4 0 399 401
4 9 403 407
4 4 407 410
4 2 414 418
4 0 420 422
4 4 422 424
4 5 427 433
4 2 433 444
4 4 444 446
4 0 446 448
4 12 448 450
4 0 450 454
4 7 459 463
4 4 463 467
4 7 467 469
4 9 469 471
4 4 471 474
4 9 476 478
4 4 478 488
4 8 489 491
4 4 493 495
4 0 495 497
4 12 499 501
5 0 0 8
5 12 9 11
5 7 11 15
5 4 15 17
5 15 17 19
5 4 19 21
5 0 21 26
5 4 28 30
5 11 30 32
5 0 34 40
5 11 43 64
5 0 68 70
5 4 70 75
5 0 75 79
5 15 79 81
5 12 81 83
5 15 83 100
5 4 100 104
5 0 107 111
5 7 111 113
5 2 113 134
5 4 134 136
5 12 137 139
5 0 139 143
5 13 143 145
5 4 145 147
5 0 149 166
5 4 166 168
5 11 169 171
5 0 171 179
5 9 179 183
5 10 183 186
5 15 186 188
5 0 190 192
5 9 192 194
5 12 194 196
5 0 196 203
5 7 203 205
5 10 205 207
5 3 207 228
5 4 228 230
5 12 230 232
5 0 233 239
5 10 239 245
5 4 245 252
5 0 252 258
5 12 258 260
5 15 260 262
5 6 262 279
5 12 279 282
5 4 282 284
5 0 284 288
5 4 288 290
5 1 290 294
5 4 294 299
5 0 301 311
5 4 316 318
5 13 318 320
5 0 324 326
5 15 329 333
5 0 335 352
5 14 354 360
5 3 363 367
5 14 367 371
5 12 371 373
5 4 373 375
5 0 375 380
5 11 380 382
5 4 382 416
5 5 416 437
5 9 437 439
5 15 439 442
5 4 442 446
5 0 446 450
5 11 450 452
5 8 452 463
5 4 463 471
5 0 471 474
5 4 474 476
5 0 478 488
5 12 489 501
5 11 501 503
6 12 0 2
6 4 2 4
6 0 4 8
6 7 9 13
6 10 13 15
6 0 15 40
6 11 41 62
6 12 62 64
6 0 64 66
6 4 66 68
6 0 70 72
6 13 75 77
6 11 77 79
6 15 81 98
6 12 98 100
6 4 102 107
6 0 107 109
6 9 109 111
6 2 111 132
6 9 132 134
6 12 134 136
6 0 139 141
6 4 141 143
6 15 143 147
6 12 147 149
6 0 149 151
6 4 154 156
6 12 156 158
6 0 158 164
6 4 164 166
6 12 166 168
6 0 169 173
6 4 173 175
6 0 175 177
6 12 177 179
6 9 179 181
6 10 181 183
6 15 183 186
6 12 186 190
6 0 190 205
6 6 205 207
6 3 207 226
6 6 226 228
6 9 228 230
6 12 230 232
6 4 233 237
6 9 237 239
6 10 239 243
6 0 243 254
6 12 254 256
6 6 256 277
6 11 277 282
6 4 282 290
6 1 290 296
6 4 297 301
6 12 301 303
6 0 303 324
6 12 324 326
6 0 326 341
6 15 341 343
6 11 343 346
6 12 346 348
6 4 348 350
6 0 350 352
6 14 352 371
6 12 371 375
6 0 378 380
6 4 380 395
6 15 395 397
6 4 397 416
6 5 416 437
6 9 437 439
6 12 442 444
6 4 444 450
6 11 450 452
6 8 452 454
6 11 454 459
6 8 461 467
6 12 467 469
6 4 474 476
6 12 476 478
6 4 478 486
6 0 486 488
6 12 489 503
7 0 0 4
7 13 4 6
7 7 6 19
7 4 19 23
7 15 23 26
7 0 28 30
7 13 30 32
7 15 34 45
7 12 45 47
7 15 47 53
7 13 60 62
7 12 62 64
7 4 64 66
7 1 66 87
7 4 90 98
7 8 98 104
7 13 105 107
7 4 107 109
7 8 109 115
7 0 115 126
7 13 128 130
7 4 130 132
7 12 132 158
7 4 158 160
7 6 162 164
7 13 164 166
7 4 169 171
7 9 171 183
7 4 186 188
7 13 188 190
7 4 190 192
7 15 192 194
7 6 194 224
7 12 224 226
7 13 228 239
7 0 239 241
7 13 241 243
7 0 243 258
7 3 258 260
7 4 260 262
7 5 262 264
7 2 265 290
7 13 290 292
7 0 292 294
7 6 299 301
7 3 301 324
7 6 324 331
7 13 331 333
7 14 333 358
7 8 358 360
7 4 363 367
7 12 367 369
7 4 369 378
7 11 380 386
7 12 386 390
7 6 390 395
7 12 397 405
7 11 405 407
7 12 407 424
7 6 425 427
7 0 427 429
7 9 429 431
7 6 433 435
7 0 437 442
7 12 446 450
7 4 450 452
7 0 452 463
7 5 463 493
7 4 493 495
7 8 495 497
7 0 497 499
7 9 499 501
7 10 506 512
7 9 512 514
8 9 0 2
8 1 2 4
8 13 4 6
8 0 6 8
8 7 9 21
8 13 21 23
8 0 23 28
8 13 30 36
8 15 36 38
8 12 38 40
8 15 41 43
8 4 43 45
8 13 45 47
8 0 47 49
8 8 49 51
8 15 53 55
8 0 55 58
8 8 58 60
8 0 60 62
8 8 62 64
8 4 64 66
8 1 66 79
8 13 79 81
8 1 81 90
8 0 92 94
8 11 94 96
8 8 96 119
8 13 119 122
8 11 122 124
8 12 124 132
8 11 132 134
8 12 134 141
8 11 141 143
8 12 143 149
8 13 149 151
8 12 151 158
8 0 162 164
8 13 164 168
8 15 169 171
8 9 171 186
8 4 186 188
8 5 188 192
8 13 192 194
8 6 194 226
8 0 226 228
8 13 228 235
8 15 235 237
8 13 237 243
8 1 243 250
8 13 250 252
8 4 252 254
8 0 254 256
8 13 256 264
8 5 265 267
8 2 267 290
8 5 290 292
8 0 292 294
8 1 297 299
8 6 299 303
8 3 303 311
8 6 311 316
8 3 316 324
8 6 324 328
8 13 329 331
8 14 333 358
8 4 361 371
8 0 371 373
8 4 373 386
8 12 386 390
8 8 393 395
8 4 399 401
8 12 401 403
8 11 403 405
8 12 412 416
8 11 416 418
8 0 422 424
8 13 425 427
8 4 427 429
8 12 429 431
8 0 431 433
8 15 433 435
8 12 437 439
8 0 442 444
8 12 446 448
8 0 448 450
8 13 450 452
8 0 454 456
8 8 457 459
8 13 459 461
8 0 461 463
8 4 463 465
8 5 465 501
8 13 501 503
8 10 506 510
8 7 510 512
8 10 512 516
9 7 0 2
9 9 2 4
9 14 6 26
9 4 26 28
9 12 30 32
9 4 32 34
9 2 34 60
9 4 60 62
9 12 62 66
9 14 66 68
9 13 68 75
9 12 75 77
9 4 77 79
9 13 81 85
9 12 85 90
9 4 90 92
9 12 94 100
9 13 100 104
9 9 105 109
9 10 109 113
9 5 115 117
9 0 117 119
9 5 119 122
9 13 122 126
9 4 126 130
9 3 130 154
9 4 154 158
9 12 158 160
9 5 160 164
9 7 164 168
9 8 169 171
9 0 171 173
9 7 173 177
9 12 181 186
9 4 188 190
9 6 192 218
9 5 218 220
9 13 220 222
9 4 222 224
9 10 226 228
9 8 230 232
9 5 233 235
9 12 235 237
9 5 237 239
9 8 239 241
9 12 241 243
9 8 243 247
9 4 247 250
9 12 250 252
9 14 254 256
9 11 256 258
9 4 258 260
9 5 260 288
9 4 288 294
9 2 297 305
9 4 305 307
9 12 307 309
9 4 311 314
9 10 316 318
9 12 318 320
9 4 320 322
9 5 322 337
9 12 337 341
9 11 341 354
9 12 354 360
9 14 361 365
9 7 367 369
9 15 369 371
9 1 371 375
9 7 375 378
9 4 378 384
9 15 386 388
9 1 388 390
9 15 390 392
9 1 393 395
9 14 395 397
9 4 397 399
9 12 399 401
9 10 401 403
9 9 403 405
9 12 405 407
9 5 407 416
9 4 418 420
9 2 420 433
9 13 433 435
9 2 435 437
9 13 437 439
9 4 439 444
9 14 444 448
9 6 448 450
9 12 452 454
9 11 454 456
9 15 457 465
9 11 465 467
9 15 469 471
9 11 476 480
9 15 484 486
9 12 486 488
9 15 489 508
10 12 0 2
10 5 2 6
10 14 6 26
10 15 26 28
10 4 28 30
10 5 30 34
10 4 34 36
10 2 36 62
10 12 62 68
10 13 68 72
10 4 73 75
10 12 75 77
10 11 77 79
10 13 79 85
10 0 85 90
10 11 90 92
10 0 92 94
10 15 96 98
10 12 98 100
10 5 100 102
10 13 102 107
10 10 107 113
10 1 113 115
10 7 115 117
10 12 119 122
10 14 124 126
10 4 126 128
10 6 130 143
10 3 143 156
10 14 160 162
10 7 162 175
10 10 175 177
10 5 177 179
10 7 179 181
10 14 181 183
10 11 183 186
10 6 188 205
10 12 205 207
10 6 207 213
10 5 218 222
10 15 222 224
10 5 224 226
10 8 226 232
10 1 233 235
10 8 237 239
10 5 241 254
10 0 254 256
10 4 256 258
10 2 258 262
10 5 262 277
10 6 277 282
10 7 282 284
10 4 284 286
10 5 288 294
10 12 297 299
10 7 299 301
10 12 301 311
10 15 316 318
10 12 318 322
10 11 324 326
10 5 326 337
10 12 339 341
10 11 341 346
10 2 346 348
10 11 348 358
10 5 358 360
10 0 361 363
10 7 365 369
10 1 369 380
10 6 382 384
10 7 384 388
10 2 390 392
10 5 393 395
10 4 395 399
10 10 399 401
10 9 401 403
10 10 403 405
10 15 405 407
10 5 407 412
10 12 412 414
10 5 414 418
10 4 418 420
10 15 420 424
10 4 425 431
10 12 433 435
10 4 435 448
10 13 448 450
10 12 450 454
10 15 454 456
10 12 457 469
10 11 469 471
10 4 476 478
10 2 478 482
10 15 482 508
