1 0 0 8
1 15 9 32
1 11 31 34
1 0 34 45
1 14 44 70
1 13 69 74
1 0 75 84
1 8 84 93
1 0 94 119
1 13 118 120
1 4 119 126
1 8 125 132
1 4 131 140
1 8 139 141
1 10 140 142
1 8 142 144
1 11 143 146
1 6 146 148
1 5 147 149
1 0 149 158
1 11 160 172
1 5 171 173
1 0 172 177
1 6 176 178
1 0 179 192
1 4 192 196
1 11 195 197
1 13 196 198
1 11 197 200
1 6 199 202
1 0 201 223
1 3 222 224
1 1 224 226
1 0 225 246
1 11 246 248
1 6 249 251
1 0 250 256
1 9 256 261
1 4 261 263
1 13 262 264
1 0 263 270
1 4 269 272
1 0 271 273
1 4 273 275
1 5 275 285
1 4 284 286
1 3 285 287
1 0 286 288
1 3 288 290
1 0 289 294
1 6 293 295
1 0 294 310
1 6 309 311
1 7 310 312
1 12 311 314
1 7 313 318
1 15 317 319
1 4 318 320
1 0 320 333
1 4 332 335
1 1 336 338
1 3 338 350
1 4 349 355
1 0 355 357
1 6 356 358
1 13 357 359
1 5 358 360
1 4 361 364
1 1 363 365
1 3 364 366
1 1 365 367
1 5 368 370
1 3 370 372
1 1 372 374
1 0 375 386
1 6 385 387
1 13 386 388
1 6 387 390
1 5 391 394
1 2 394 405
1 5 404 410
1 4 409 411
1 13 413 415
1 6 415 419
1 10 418 421
1 9 420 422
1 10 421 423
1 4 422 424
1 0 425 439
1 4 439 442
1 1 441 445
1 4 444 446
1 0 447 458
1 13 457 459
1 0 458 469
1 13 468 475
1 0 475 477
1 13 476 478
1 0 477 486
1 13 485 487
2 6 0 4
2 15 3 5
2 6 4 6
2 15 5 33
2 14 33 37
2 6 36 45
2 14 44 70
2 3 69 71
2 6 71 77
2 15 76 78
2 6 77 80
2 13 79 83
2 8 82 92
2 4 92 95
2 0 94 96
2 6 95 119
2 4 118 127
2 6 127 129
2 0 130 132
2 6 131 139
2 14 138 141
2 12 141 143
2 6 143 148
2 0 147 150
2 6 149 161
2 11 160 168
2 6 167 193
2 11 192 196
2 4 196 198
2 6 197 202
2 15 201 204
2 6 204 208
2 13 207 212
2 4 211 213
2 6 213 220
2 0 220 223
2 6 223 227
2 0 226 229
2 6 228 243
2 13 242 245
2 4 244 247
2 6 246 251
2 3 250 254
2 6 253 256
2 9 255 260
2 4 260 262
2 15 261 263
2 0 263 266
2 6 266 274
2 4 273 275
2 5 274 283
2 4 282 285
2 6 287 294
2 0 293 299
2 3 298 300
2 14 299 303
2 4 302 305
2 6 305 312
2 7 311 319
2 0 322 325
2 6 325 328
2 13 330 333
2 4 333 335
2 3 335 337
2 6 336 339
2 3 338 347
2 4 346 348
2 0 348 350
2 6 349 360
2 4 361 365
2 3 364 366
2 6 366 375
2 0 374 376
2 11 375 379
2 6 379 384
2 13 383 389
2 3 388 390
2 5 390 392
2 2 391 401
2 4 400 402
2 15 402 404
2 4 403 406
2 6 405 415
2 0 415 417
2 10 417 419
2 9 418 420
2 10 419 422
2 15 421 426
2 0 426 433
2 6 434 439
2 4 438 440
2 1 441 445
2 4 444 446
2 6 445 447
2 0 446 448
2 6 447 450
2 0 449 451
2 6 450 452
2 0 451 453
2 6 453 458
2 0 457 459
2 7 460 462
2 10 462 464
2 6 463 465
2 0 464 469
2 13 468 476
2 0 475 477
2 4 477 479
2 13 478 480
2 0 479 482
2 4 482 484
2 0 483 485
2 3 485 487
3 11 0 26
3 0 26 31
3 6 30 35
3 5 35 39
3 4 38 40
3 15 39 58
3 0 58 60
3 6 59 61
3 0 60 62
3 6 61 63
3 0 62 65
3 6 65 67
3 5 66 98
3 0 97 103
3 6 102 106
3 11 106 108
3 12 107 129
3 0 128 134
3 8 134 138
3 0 140 168
3 8 171 175
3 4 174 177
3 9 176 178
3 4 178 180
3 6 179 181
3 0 181 183
3 1 182 189
3 0 189 192
3 6 191 193
3 0 193 204
3 8 203 207
3 0 206 211
3 5 210 213
3 0 214 216
3 6 215 219
3 5 218 220
3 9 220 222
3 4 221 244
3 6 243 247
3 3 246 251
3 0 251 253
3 4 254 256
3 0 255 258
3 3 257 261
3 6 260 262
3 3 261 263
3 6 262 267
3 0 266 269
3 4 269 272
3 9 275 283
3 0 282 287
3 9 286 289
3 0 288 293
3 6 292 295
3 13 295 298
3 0 297 322
3 6 322 326
3 0 326 331
3 6 330 358
3 0 357 366
3 14 365 372
3 2 371 373
3 13 372 374
3 0 373 375
3 14 374 382
3 3 382 389
3 14 389 391
3 1 390 392
3 0 391 396
3 8 396 398
3 0 398 403
3 9 402 404
3 10 403 407
3 0 406 427
3 5 426 431
3 2 430 443
3 4 442 445
3 6 444 446
3 0 445 456
3 7 457 461
3 0 461 466
3 7 468 471
3 0 471 475
3 8 474 478
3 0 477 479
3 8 479 492
3 0 491 497
3 5 497 499
3 0 499 503
4 0 0 8
4 12 7 10
4 0 9 11
4 11 10 15
4 0 15 28
4 6 29 32
4 12 33 35
4 15 34 44
4 0 43 46
4 15 45 59
4 0 58 65
4 9 66 68
4 4 67 69
4 0 69 71
4 5 70 101
4 6 101 103
4 0 102 109
4 12 109 125
4 0 124 126
4 12 125 129
4 0 129 167
4 8 166 173
4 5 172 174
4 0 173 176
4 8 175 177
4 4 176 178
4 0 179 181
4 6 180 183
4 1 183 190
4 6 191 194
4 15 194 196
4 6 196 199
4 9 201 209
4 0 208 213
4 4 212 218
4 9 219 221
4 4 221 225
4 0 224 227
4 4 226 244
4 6 243 254
4 4 253 255
4 3 254 257
4 0 256 258
4 3 258 263
4 6 262 271
4 0 270 276
4 9 277 283
4 0 283 295
4 6 294 296
4 13 295 298
4 0 297 309
4 13 308 315
4 12 314 317
4 0 317 324
4 12 323 325
4 8 325 327
4 6 326 328
4 13 327 330
4 6 331 356
4 12 355 357
4 0 356 367
4 14 366 381
4 3 381 383
4 14 382 384
4 3 383 389
4 14 389 395
4 0 394 396
4 6 395 397
4 8 397 399
4 12 398 400
4 0 400 402
4 9 402 404
4 10 403 407
4 9 406 408
4 5 410 412
4 0 411 414
4 13 413 415
4 2 414 416
4 13 415 417
4 0 417 423
4 5 426 433
4 2 432 445
4 13 444 446
4 0 446 458
4 7 457 462
4 0 462 468
4 9 469 471
4 4 470 472
4 0 471 477
4 9 476 478
4 6 477 479
4 0 479 481
4 4 480 482
4 8 481 483
4 0 484 503
5 0 0 8
5 7 9 15
5 8 14 16
5 4 15 18
5 10 18 20
5 0 19 27
5 13 27 29
5 4 28 31
5 11 30 32
5 0 31 42
5 11 42 67
5 0 68 79
5 15 78 101
5 4 102 106
5 0 105 111
5 7 111 113
5 10 112 114
5 11 113 115
5 2 114 133
5 15 134 138
5 0 138 143
5 13 142 147
5 15 146 149
5 0 149 180
5 9 179 183
5 10 182 186
5 15 185 187
5 10 187 189
5 0 188 193
5 15 193 196
5 0 196 204
5 10 203 207
5 3 206 227
5 6 226 229
5 13 228 230
5 4 229 231
5 0 234 239
5 10 238 245
5 0 244 251
5 4 250 252
5 0 251 255
5 4 254 257
5 0 256 262
5 6 261 280
5 0 282 288
5 4 288 290
5 1 290 295
5 4 294 298
5 10 297 299
5 0 298 314
5 15 314 316
5 4 315 318
5 0 317 324
5 15 323 325
5 0 325 328
5 15 327 334
5 0 333 353
5 14 353 363
5 3 362 364
5 14 366 372
5 12 371 373
5 0 373 380
5 11 379 381
5 8 381 385
5 4 384 408
5 0 409 411
5 4 410 414
5 9 413 415
5 4 414 417
5 5 416 438
5 9 437 439
5 4 438 446
5 0 445 451
5 8 451 464
5 4 465 471
5 0 470 475
5 4 475 479
5 0 478 490
5 12 490 501
5 11 500 502
5 12 502 506
6 0 0 2
6 4 1 3
6 0 3 8
6 7 7 13
6 10 12 14
6 4 13 16
6 0 15 42
6 11 41 47
6 12 46 48
6 11 47 59
6 12 58 65
6 0 66 68
6 4 67 69
6 0 68 78
6 11 79 81
6 4 80 82
6 15 81 98
6 11 98 100
6 4 99 107
6 0 106 110
6 9 109 111
6 4 110 112
6 0 111 113
6 4 112 114
6 2 114 133
6 0 132 142
6 13 142 144
6 15 143 148
6 0 150 154
6 4 154 156
6 0 156 174
6 4 173 176
6 0 177 179
6 9 179 187
6 4 186 189
6 0 188 198
6 4 197 199
6 0 198 205
6 6 204 208
6 3 207 227
6 6 226 229
6 13 228 231
6 0 234 237
6 10 237 243
6 0 243 256
6 6 255 257
6 0 256 258
6 6 260 278
6 11 278 280
6 4 279 283
6 0 282 287
6 4 286 290
6 1 291 298
6 4 298 301
6 12 300 302
6 0 301 319
6 4 318 320
6 0 319 341
6 15 340 344
6 11 343 346
6 0 346 352
6 14 352 371
6 13 370 372
6 15 372 374
6 0 377 381
6 4 381 404
6 15 404 407
6 4 406 417
6 5 416 437
6 0 436 439
6 4 438 442
6 11 441 443
6 0 442 444
6 15 443 445
6 12 444 446
6 0 445 447
6 4 446 451
6 11 450 453
6 8 452 454
6 11 453 456
6 8 457 459
6 11 458 460
6 8 460 466
6 0 466 471
6 4 470 472
6 0 471 478
6 4 477 485
6 0 484 490
6 12 489 507
7 0 0 7
7 7 6 19
7 10 18 20
7 4 19 23
7 10 22 24
7 0 23 31
7 13 30 34
7 15 33 45
7 4 46 48
7 15 47 53
7 11 52 55
7 13 55 58
7 0 57 61
7 13 60 62
7 12 61 64
7 4 64 67
7 1 67 88
7 4 87 92
7 6 92 94
7 4 93 95
7 8 96 104
7 4 103 106
7 13 105 107
7 0 106 108
7 4 107 109
7 8 108 116
7 0 115 126
7 13 127 132
7 15 131 133
7 12 132 159
7 13 158 160
7 4 159 161
7 13 164 168
7 4 169 171
7 9 170 183
7 10 182 184
7 4 183 188
7 0 187 189
7 13 188 190
7 4 190 194
7 0 193 195
7 6 194 224
7 13 223 226
7 0 225 228
7 13 228 240
7 0 239 242
7 13 241 244
7 0 243 260
7 4 260 263
7 2 263 290
7 4 289 291
7 8 290 292
7 0 291 299
7 3 300 325
7 6 324 331
7 13 331 333
7 14 332 358
7 4 357 367
7 0 366 371
7 4 370 378
7 11 378 386
7 12 386 391
7 11 391 397
7 12 396 401
7 11 401 410
7 12 409 412
7 11 412 419
7 12 419 421
7 11 420 424
7 6 423 427
7 0 427 429
7 6 428 431
7 13 430 433
7 0 432 434
7 6 433 435
7 0 434 440
7 11 443 445
7 0 444 447
7 12 447 450
7 4 449 451
7 0 451 464
7 4 463 465
7 5 464 492
7 4 492 494
7 11 494 496
7 8 495 498
7 0 498 500
7 15 500 502
7 9 502 504
7 10 503 513
7 9 512 514
7 10 513 515
7 9 514 517
8 10 0 2
8 0 1 3
8 8 2 4
8 0 4 8
8 7 9 21
8 0 21 34
8 4 33 36
8 11 36 38
8 13 37 44
8 0 45 47
8 11 47 53
8 15 52 54
8 0 53 56
8 11 55 59
8 0 59 61
8 8 60 64
8 0 63 65
8 4 65 67
8 1 66 77
8 5 77 79
8 1 80 90
8 5 89 91
8 4 90 92
8 8 92 94
8 11 94 96
8 0 96 98
8 8 97 120
8 0 121 123
8 11 122 125
8 0 125 128
8 12 128 142
8 6 141 143
8 12 142 150
8 6 149 151
8 12 151 159
8 0 158 160
8 8 159 161
8 0 160 166
8 13 165 170
8 9 169 187
8 4 186 189
8 6 188 191
8 5 190 192
8 13 192 194
8 6 193 226
8 0 225 229
8 13 228 253
8 4 252 254
8 0 253 263
8 13 262 264
8 5 263 267
8 2 267 291
8 5 290 293
8 0 292 296
8 6 297 303
8 3 303 312
8 6 311 315
8 3 314 325
8 6 325 330
8 13 329 332
8 14 331 359
8 1 358 360
8 4 359 362
8 8 361 363
8 4 362 371
8 0 370 373
8 4 372 386
8 11 386 388
8 12 388 390
8 0 389 394
8 11 395 398
8 4 399 401
8 12 401 403
8 8 404 406
8 11 406 413
8 12 412 416
8 11 415 418
8 8 418 421
8 13 420 422
8 8 421 424
8 13 423 426
8 0 429 442
8 11 442 444
8 0 443 458
8 8 457 460
8 0 459 465
8 5 464 502
8 4 501 503
8 10 505 518
9 7 1 3
9 9 3 6
9 14 5 27
9 9 26 28
9 4 27 29
9 9 28 30
9 5 30 32
9 8 31 33
9 2 34 60
9 10 59 61
9 7 60 62
9 4 61 63
9 10 63 65
9 14 64 69
9 13 68 75
9 12 74 77
9 6 78 80
9 13 80 88
9 8 87 91
9 4 90 93
9 8 92 94
9 12 94 99
9 14 98 102
9 13 101 106
9 9 105 109
9 10 108 113
9 7 112 114
9 5 116 123
9 13 122 127
9 5 126 128
9 7 127 129
9 9 128 131
9 3 131 154
9 4 154 156
9 12 157 163
9 5 162 164
9 7 163 168
9 8 169 171
9 0 171 173
9 7 173 178
9 4 178 180
9 12 183 186
9 4 187 190
9 6 189 220
9 14 220 222
9 13 221 223
9 14 222 224
9 4 225 227
9 9 227 230
9 8 230 237
9 4 236 239
9 8 238 248
9 9 247 250
9 4 249 251
9 9 250 252
9 12 251 253
9 6 252 254
9 8 254 257
9 4 258 260
9 5 259 289
9 4 288 290
9 9 289 293
9 4 292 295
9 13 294 296
9 10 295 298
9 3 297 299
9 7 298 300
9 2 301 304
9 11 305 307
9 12 307 310
9 15 309 311
9 11 310 312
9 4 311 314
9 15 313 315
9 10 316 318
9 5 320 336
9 10 336 338
9 11 339 343
9 8 342 344
9 11 343 354
9 12 353 365
9 5 364 366
9 12 365 367
9 7 366 370
9 4 369 371
9 1 370 376
9 7 375 379
9 4 378 380
9 10 379 381
9 4 381 384
9 1 388 390
9 13 389 392
9 14 393 398
9 1 397 399
9 5 398 400
9 12 399 401
9 9 400 403
9 10 402 404
9 9 403 406
9 5 406 418
9 8 417 419
9 4 419 422
9 2 421 428
9 13 427 435
9 14 434 436
9 13 435 439
9 4 438 442
9 9 443 445
9 13 445 447
9 14 446 448
9 6 448 451
9 12 452 454
9 11 454 456
9 12 455 458
9 0 457 461
9 15 460 464
9 11 464 467
9 0 466 470
9 12 470 472
9 15 471 474
9 0 473 476
9 8 475 477
9 12 476 480
9 11 479 481
9 6 480 483
9 0 482 484
9 15 483 486
9 12 485 488
9 15 487 506
9 9 505 508
9 15 507 510
10 12 1 3
10 8 2 4
10 14 5 27
10 15 26 29
10 4 28 31
10 10 33 35
10 2 35 39
10 5 38 42
10 2 42 62
10 4 62 64
10 8 63 65
10 6 65 67
10 7 66 68
10 15 67 69
10 13 68 76
10 15 75 77
10 13 79 88
10 0 89 91
10 13 90 92
10 0 93 95
10 13 94 99
10 7 99 101
10 12 100 102
10 13 102 108
10 10 107 113
10 7 114 119
10 10 119 122
10 14 121 126
10 13 125 127
10 4 126 130
10 6 129 144
10 3 143 155
10 6 154 156
10 5 157 159
10 7 158 160
10 14 160 163
10 7 162 176
10 6 175 177
10 5 177 179
10 7 178 182
10 14 181 183
10 6 182 184
10 4 185 187
10 6 188 196
10 1 196 198
10 6 197 205
10 12 204 207
10 6 208 214
10 4 215 218
10 6 219 222
10 5 221 223
10 15 222 224
10 2 223 225
10 4 224 226
10 8 225 239
10 5 239 243
10 12 243 246
10 5 245 256
10 4 256 260
10 8 261 275
10 5 275 278
10 6 278 283
10 7 282 284
10 2 283 285
10 15 284 286
10 5 286 291
10 15 290 292
10 5 291 295
10 7 294 298
10 12 297 300
10 2 299 301
10 11 301 305
10 12 304 307
10 11 306 308
10 12 307 311
10 15 313 315
10 4 314 317
10 15 316 321
10 12 321 323
10 6 322 324
10 11 324 328
10 5 330 333
10 15 332 336
10 11 337 340
10 12 339 341
10 11 341 346
10 15 347 353
10 12 352 354
10 4 353 355
10 11 355 358
10 5 358 360
10 11 361 364
10 12 364 366
10 7 365 368
10 10 367 370
10 1 370 380
10 4 379 381
10 1 381 383
10 7 382 388
10 15 388 390
10 13 389 391
10 4 390 392
10 13 391 394
10 4 395 400
10 10 400 405
10 7 404 407
10 4 406 408
10 5 409 412
10 8 411 413
10 12 412 414
10 5 413 419
10 13 418 420
10 4 419 421
10 15 420 424
10 4 423 427
10 15 426 428
10 4 427 432
10 12 432 434
10 15 433 436
10 4 435 449
10 15 448 452
10 0 454 458
10 12 457 462
10 0 461 463
10 12 462 464
10 15 463 467
10 12 466 470
10 0 469 471
10 15 471 474
10 13 477 483
10 15 483 504
10 9 506 508
10 15 508 510
