1 0 1 8
1 6 7 10
1 15 9 32
1 0 33 44
1 14 45 70
1 3 70 74
1 0 74 83
1 4 83 85
1 8 84 93
1 1 92 94
1 0 94 120
1 4 119 127
1 10 126 129
1 4 128 130
1 8 129 132
1 4 131 141
1 0 141 143
1 8 142 144
1 11 143 148
1 0 147 159
1 11 160 172
1 0 172 177
1 6 176 178
1 3 177 179
1 0 178 192
1 15 192 194
1 4 193 195
1 15 194 196
1 4 195 199
1 11 198 200
1 0 199 222
1 3 221 224
1 0 225 244
1 11 246 250
1 6 249 251
1 0 250 256
1 9 255 261
1 15 260 262
1 4 261 264
1 0 263 270
1 4 269 275
1 5 275 285
1 3 285 292
1 0 291 309
1 6 309 311
1 7 311 318
1 15 317 320
1 0 320 332
1 4 332 335
1 3 334 336
1 5 335 337
1 6 336 338
1 5 337 339
1 3 338 350
1 4 350 352
1 5 351 353
1 4 352 355
1 0 356 360
1 4 361 363
1 3 363 365
1 1 364 366
1 6 365 371
1 3 370 375
1 6 374 376
1 0 375 386
1 15 386 388
1 3 389 392
1 5 391 394
1 2 393 405
1 5 404 408
1 4 409 411
1 1 410 412
1 6 411 414
1 13 414 416
1 0 415 417
1 6 416 418
1 9 419 422
1 10 421 423
1 15 422 424
1 0 425 439
1 1 441 445
1 4 444 446
1 15 445 448
1 0 447 453
1 6 452 454
1 0 454 458
1 11 457 460
1 0 459 461
1 6 460 463
1 0 462 469
1 13 468 475
1 4 474 478
1 0 477 483
1 6 482 484
1 0 483 486
1 13 485 487
2 6 1 4
2 15 5 34
2 4 33 35
2 14 35 37
2 0 36 44
2 6 43 45
2 14 44 70
2 13 73 75
2 6 74 77
2 15 76 78
2 13 78 83
2 8 82 92
2 3 91 93
2 4 93 96
2 0 95 99
2 6 98 119
2 4 118 126
2 11 126 128
2 4 128 130
2 11 129 131
2 4 130 132
2 0 132 134
2 6 133 135
2 0 134 136
2 6 135 138
2 3 137 140
2 14 139 142
2 12 141 143
2 11 142 144
2 6 145 148
2 0 147 150
2 6 150 155
2 0 154 156
2 6 155 161
2 11 160 168
2 6 167 181
2 0 180 182
2 6 181 186
2 0 187 189
2 6 189 193
2 11 192 197
2 4 196 198
2 6 198 200
2 15 201 205
2 6 204 206
2 13 206 210
2 3 209 211
2 13 210 212
2 4 211 215
2 6 215 220
2 11 219 221
2 0 221 223
2 6 223 243
2 13 242 245
2 4 244 247
2 11 246 248
2 6 247 251
2 3 250 253
2 6 253 256
2 9 255 260
2 15 261 263
2 11 263 266
2 0 265 267
2 11 268 270
2 0 271 274
2 4 273 275
2 5 275 283
2 4 282 285
2 0 289 292
2 4 292 298
2 3 298 300
2 14 299 302
2 4 301 305
2 6 305 307
2 0 306 311
2 6 310 312
2 7 311 317
2 15 316 318
2 7 317 319
2 4 318 320
2 0 322 325
2 6 324 326
2 0 325 327
2 15 329 332
2 11 331 333
2 4 333 335
2 6 335 339
2 3 338 347
2 4 347 349
2 6 350 355
2 0 354 359
2 6 358 360
2 0 359 362
2 4 361 365
2 3 364 367
2 6 366 371
2 3 370 373
2 1 372 374
2 0 374 376
2 11 375 381
2 6 382 384
2 4 383 386
2 6 385 387
2 11 386 389
2 3 388 391
2 2 391 401
2 4 400 403
2 15 402 404
2 4 403 406
2 6 406 408
2 0 410 415
2 9 417 419
2 10 418 420
2 7 419 421
2 10 420 422
2 15 421 426
2 11 425 428
2 0 428 433
2 6 433 435
2 0 434 439
2 4 438 440
2 1 439 444
2 4 444 446
2 0 445 459
2 3 461 463
2 0 463 469
2 13 468 476
2 4 476 480
2 0 479 482
2 4 482 484
2 0 483 485
2 3 484 487
3 11 0 27
3 0 26 28
3 6 27 29
3 4 29 31
3 6 30 33
3 12 32 34
3 6 33 35
3 4 34 36
3 5 35 39
3 4 38 40
3 15 39 59
3 0 58 60
3 13 60 62
3 0 61 63
3 6 63 67
3 5 66 98
3 4 97 99
3 0 98 101
3 8 102 104
3 0 103 106
3 8 105 107
3 12 106 129
3 0 128 172
3 8 171 174
3 4 174 181
3 0 180 183
3 1 182 188
3 4 187 189
3 0 188 192
3 4 191 195
3 0 194 204
3 8 203 206
3 0 206 211
3 4 210 214
3 0 214 218
3 6 218 220
3 4 219 221
3 8 220 222
3 4 222 245
3 6 244 247
3 3 247 259
3 4 258 261
3 3 261 264
3 4 266 272
3 15 272 274
3 9 273 283
3 0 282 285
3 4 284 287
3 9 286 288
3 4 287 289
3 0 289 295
3 13 295 298
3 0 297 309
3 4 309 311
3 12 310 312
3 0 313 315
3 4 314 316
3 0 315 322
3 4 324 326
3 0 327 331
3 6 330 357
3 0 358 366
3 14 365 371
3 2 370 374
3 0 373 375
3 1 374 376
3 3 375 380
3 14 379 381
3 3 380 391
3 0 393 397
3 8 398 400
3 0 399 402
3 6 401 403
3 10 403 408
3 0 407 412
3 4 412 415
3 0 414 420
3 15 420 422
3 4 422 424
3 5 425 431
3 2 431 444
3 5 443 445
3 0 445 452
3 8 451 453
3 0 452 456
3 8 455 458
3 7 457 462
3 0 461 468
3 4 467 469
3 7 468 471
3 9 470 472
3 0 471 482
3 8 481 492
3 0 491 497
3 8 496 498
3 4 497 499
3 0 498 503
4 0 0 7
4 8 7 10
4 11 9 13
4 15 12 14
4 11 13 21
4 12 20 22
4 11 21 24
4 0 23 29
4 8 28 30
4 6 29 31
4 8 30 32
4 0 31 33
4 12 33 36
4 15 35 59
4 0 58 65
4 12 64 67
4 9 66 68
4 4 68 70
4 12 69 71
4 4 71 74
4 5 73 100
4 12 100 103
4 0 103 110
4 12 109 130
4 0 130 140
4 12 142 144
4 0 143 148
4 12 148 154
4 0 153 156
4 12 158 160
4 0 160 165
4 12 165 167
4 8 167 177
4 4 176 178
4 0 179 184
4 1 183 190
4 4 190 192
4 6 191 193
4 15 193 196
4 4 195 200
4 9 201 208
4 4 207 218
4 8 217 219
4 4 218 225
4 0 224 226
4 4 225 243
4 6 243 254
4 3 253 263
4 6 263 270
4 12 269 271
4 4 272 275
4 0 274 277
4 4 276 278
4 9 277 282
4 4 282 285
4 0 284 286
4 4 285 288
4 0 287 292
4 12 291 293
4 0 293 295
4 12 294 296
4 13 297 299
4 12 298 302
4 0 301 305
4 12 304 320
4 4 320 323
4 12 322 326
4 8 325 327
4 11 326 328
4 0 330 332
4 6 332 340
4 0 339 341
4 6 340 356
4 12 355 368
4 14 367 372
4 3 371 373
4 14 372 378
4 3 377 391
4 14 391 395
4 12 394 396
4 0 395 397
4 8 396 399
4 11 398 400
4 0 399 402
4 9 402 405
4 10 404 406
4 9 405 407
4 10 406 408
4 4 407 410
4 12 409 411
4 4 411 413
4 2 413 418
4 0 417 423
4 4 422 424
4 12 423 426
4 4 426 428
4 5 427 433
4 2 433 445
4 4 444 447
4 0 446 449
4 12 448 450
4 0 450 455
4 15 455 458
4 7 458 463
4 12 462 464
4 4 463 465
4 12 464 466
4 4 465 468
4 7 467 470
4 9 469 471
4 4 471 474
4 12 473 477
4 9 476 478
4 4 477 485
4 12 485 487
4 4 486 490
4 8 489 491
4 12 490 492
4 4 492 495
4 12 494 496
4 0 495 498
4 12 498 503
5 0 0 8
5 12 9 11
5 7 10 15
5 10 14 16
5 4 15 18
5 15 17 19
5 4 18 21
5 0 20 27
5 13 27 29
5 4 28 31
5 11 30 32
5 0 31 33
5 4 33 35
5 0 34 42
5 11 42 62
5 12 61 63
5 11 62 67
5 4 67 69
5 0 68 71
5 4 70 75
5 0 74 79
5 15 78 82
5 12 81 83
5 15 82 100
5 4 100 102
5 0 101 103
5 4 102 106
5 0 107 111
5 7 111 114
5 2 113 134
5 4 134 138
5 12 137 139
5 0 138 143
5 13 142 146
5 4 145 147
5 15 146 148
5 0 149 166
5 4 166 168
5 11 169 172
5 0 171 180
5 9 179 183
5 10 182 186
5 15 185 188
5 0 189 193
5 9 192 194
5 15 193 195
5 12 194 197
5 0 196 204
5 7 203 205
5 10 205 207
5 3 206 228
5 4 228 231
5 12 230 234
5 0 233 239
5 10 238 245
5 12 244 246
5 4 245 252
5 0 252 254
5 4 255 257
5 0 256 258
5 12 257 261
5 15 260 262
5 6 261 279
5 12 278 283
5 4 282 284
5 0 283 288
5 8 287 289
5 4 288 291
5 1 290 295
5 4 294 299
5 0 298 312
5 15 313 315
5 4 315 319
5 13 318 320
5 0 321 323
5 4 323 325
5 0 324 327
5 15 327 334
5 0 334 353
5 14 353 362
5 3 362 368
5 14 367 371
5 12 371 374
5 4 373 375
5 0 375 380
5 11 379 382
5 4 381 414
5 9 413 415
5 4 414 417
5 5 416 438
5 9 437 440
5 15 439 442
5 4 442 447
5 0 446 451
5 11 450 452
5 8 451 463
5 4 463 465
5 0 464 466
5 4 465 472
5 0 471 475
5 4 474 477
5 0 478 490
5 12 489 501
5 11 500 503
5 12 502 507
6 12 0 2
6 4 1 4
6 0 3 8
6 7 7 13
6 10 12 15
6 0 15 42
6 11 41 62
6 12 62 64
6 4 63 65
6 0 64 67
6 4 66 69
6 0 69 76
6 13 75 77
6 12 76 78
6 11 77 80
6 15 80 98
6 12 97 100
6 4 99 107
6 0 106 109
6 9 109 111
6 2 111 113
6 5 112 114
6 2 113 133
6 9 132 134
6 4 133 135
6 12 134 138
6 0 138 142
6 4 141 143
6 13 142 144
6 15 143 147
6 4 146 148
6 12 147 150
6 0 149 152
6 4 153 157
6 12 156 158
6 0 157 165
6 4 164 166
6 12 165 168
6 0 167 173
6 4 173 176
6 0 175 178
6 12 177 179
6 9 178 182
6 10 181 183
6 15 183 186
6 10 185 187
6 12 186 190
6 0 189 197
6 12 197 199
6 0 198 205
6 6 204 208
6 3 207 227
6 6 226 228
6 9 227 230
6 12 230 234
6 4 233 235
6 0 234 236
6 4 235 238
6 9 237 239
6 10 238 243
6 12 242 244
6 0 243 245
6 12 244 246
6 0 245 254
6 12 254 256
6 6 256 258
6 12 257 259
6 6 260 277
6 11 277 282
6 4 281 291
6 1 290 298
6 4 297 301
6 12 300 303
6 0 303 324
6 12 323 327
6 0 326 341
6 15 340 344
6 11 343 346
6 12 346 348
6 4 348 350
6 0 350 352
6 11 351 353
6 14 352 371
6 12 370 376
6 0 377 380
6 11 379 381
6 4 380 396
6 15 395 397
6 4 396 416
6 9 415 417
6 5 416 433
6 11 432 434
6 5 433 437
6 9 437 439
6 4 438 443
6 12 442 444
6 15 443 445
6 4 444 451
6 11 450 453
6 8 452 454
6 11 453 460
6 8 460 467
6 11 466 468
6 12 467 469
6 0 468 470
6 4 470 472
6 12 473 475
6 4 474 476
6 12 476 478
6 4 477 486
6 0 485 488
6 11 487 490
6 12 489 507
7 0 0 4
7 13 3 6
7 0 5 7
7 7 6 19
7 10 18 20
7 4 19 23
7 15 23 26
7 1 25 27
7 0 27 30
7 13 30 33
7 15 33 45
7 12 45 47
7 15 46 53
7 13 54 62
7 12 62 64
7 13 63 65
7 4 64 67
7 1 66 88
7 4 89 98
7 8 97 104
7 4 103 106
7 13 105 107
7 0 106 108
7 4 107 109
7 8 108 115
7 0 115 120
7 13 121 123
7 0 124 126
7 13 127 131
7 4 130 132
7 15 131 133
7 12 132 159
7 4 158 161
7 6 162 164
7 13 164 166
7 15 167 170
7 4 169 171
7 9 170 183
7 7 185 187
7 4 186 188
7 13 187 191
7 4 190 193
7 15 192 195
7 6 194 224
7 12 224 226
7 0 225 227
7 13 227 240
7 0 239 242
7 13 241 244
7 0 243 258
7 3 258 260
7 6 259 261
7 4 260 263
7 5 262 264
7 2 263 291
7 13 290 292
7 0 291 295
7 6 299 301
7 3 300 325
7 6 324 332
7 13 331 333
7 14 332 358
7 4 357 359
7 8 358 364
7 4 363 367
7 12 367 370
7 4 369 379
7 11 379 386
7 12 385 391
7 6 390 395
7 11 394 396
7 12 396 406
7 11 405 407
7 12 406 424
7 6 423 427
7 13 426 428
7 0 427 429
7 9 429 431
7 6 433 435
7 13 434 436
7 0 436 443
7 12 446 450
7 13 449 451
7 4 450 452
7 0 451 464
7 5 463 493
7 4 492 495
7 12 494 496
7 8 495 498
7 0 497 499
7 9 499 501
7 15 500 502
7 10 505 513
7 9 512 516
7 10 515 517
8 9 0 2
8 0 1 3
8 1 2 4
8 8 3 5
8 13 4 6
8 0 6 8
8 13 7 10
8 7 9 22
8 13 21 24
8 0 23 29
8 13 29 32
8 0 31 33
8 4 33 35
8 13 34 36
8 15 36 39
8 12 38 42
8 15 41 44
8 4 43 46
8 13 45 47
8 0 46 50
8 8 49 51
8 15 52 55
8 0 55 58
8 13 57 59
8 8 58 61
8 0 60 62
8 8 61 64
8 0 63 65
8 4 64 67
8 1 66 79
8 13 79 81
8 1 80 90
8 5 89 91
8 0 92 94
8 11 93 96
8 8 95 120
8 13 119 122
8 11 122 124
8 12 123 128
8 11 127 129
8 12 128 133
8 11 132 134
8 12 133 142
8 11 141 143
8 12 142 150
8 13 149 152
8 12 151 159
8 8 159 161
8 0 162 164
8 13 163 168
8 15 169 171
8 9 170 187
8 4 186 189
8 5 188 190
8 6 189 191
8 5 190 192
8 13 192 194
8 6 194 226
8 0 225 228
8 13 228 235
8 15 234 237
8 13 236 241
8 1 240 242
8 13 241 243
8 1 242 245
8 13 244 246
8 1 245 250
8 13 249 253
8 4 252 254
8 0 254 256
8 13 255 262
8 0 261 263
8 13 262 264
8 5 263 267
8 2 266 291
8 5 290 293
8 0 292 295
8 6 295 298
8 1 297 299
8 6 298 303
8 3 302 312
8 6 311 316
8 3 315 325
8 6 324 330
8 13 329 332
8 14 332 359
8 4 359 371
8 0 370 373
8 4 372 386
8 12 386 390
8 8 391 395
8 12 394 396
8 11 396 398
8 4 399 401
8 12 400 403
8 11 403 408
8 8 409 411
8 12 412 416
8 11 416 418
8 8 417 419
8 0 419 421
8 13 421 423
8 0 422 424
8 13 423 427
8 4 427 429
8 12 429 431
8 0 430 434
8 15 433 435
8 12 436 439
8 0 442 445
8 12 446 448
8 6 447 449
8 0 448 450
8 13 450 452
8 12 451 453
8 0 453 458
8 8 457 459
8 0 458 460
8 13 459 461
8 0 460 463
8 4 462 465
8 5 464 501
8 4 500 502
8 13 501 503
8 4 502 504
8 10 505 511
8 7 510 513
8 10 512 518
9 7 0 3
9 9 2 5
9 14 5 27
9 4 26 29
9 5 29 31
9 12 30 33
9 4 32 34
9 2 34 61
9 4 60 62
9 10 61 63
9 12 62 66
9 14 65 69
9 13 68 75
9 12 75 78
9 4 77 79
9 12 78 80
9 13 80 85
9 12 85 90
9 0 89 91
9 4 90 92
9 12 93 100
9 14 99 101
9 13 100 106
9 9 105 109
9 10 108 113
9 7 112 114
9 5 115 118
9 0 117 120
9 5 119 122
9 13 122 127
9 4 126 130
9 9 129 131
9 3 130 154
9 4 153 158
9 12 157 160
9 5 159 162
9 12 161 163
9 5 162 164
9 12 163 165
9 7 164 168
9 10 167 170
9 8 169 172
9 0 171 173
9 8 172 174
9 7 173 178
9 12 178 186
9 11 185 187
9 4 187 190
9 12 189 191
9 6 191 218
9 5 217 220
9 4 219 221
9 13 220 223
9 4 222 227
9 10 226 228
9 8 229 232
9 12 231 234
9 5 233 235
9 12 234 237
9 5 236 240
9 8 239 241
9 12 240 243
9 8 242 247
9 10 246 248
9 4 247 251
9 12 250 253
9 14 253 256
9 11 256 258
9 4 258 260
9 5 259 289
9 4 288 290
9 10 291 293
9 4 292 295
9 2 295 306
9 4 305 307
9 12 306 310
9 11 310 312
9 4 311 314
9 12 313 315
9 10 316 319
9 12 318 320
9 4 320 322
9 5 321 338
9 12 337 341
9 11 341 355
9 12 354 356
9 11 355 357
9 12 356 362
9 14 361 363
9 12 362 364
9 14 363 366
9 7 366 369
9 4 368 370
9 15 369 371
9 1 370 376
9 7 375 379
9 4 378 384
9 11 383 385
9 15 385 389
9 1 388 390
9 15 389 392
9 4 391 394
9 1 393 395
9 14 394 397
9 4 397 399
9 12 398 401
9 9 400 402
9 10 401 404
9 9 403 406
9 12 405 407
9 5 407 417
9 8 417 419
9 4 418 421
9 2 420 434
9 13 433 435
9 2 434 438
9 13 437 439
9 4 438 444
9 14 444 448
9 6 448 450
9 11 449 453
9 12 452 454
9 11 454 456
9 12 455 458
9 15 457 465
9 12 464 466
9 11 465 467
9 15 469 475
9 12 475 477
9 11 476 481
9 12 481 483
9 15 483 486
9 11 485 487
9 12 486 488
9 15 487 506
9 12 505 507
9 15 506 510
9 9 509 511
10 12 0 3
10 5 2 6
10 14 5 27
10 15 26 28
10 4 28 30
10 12 29 31
10 5 30 34
10 3 33 35
10 4 34 36
10 2 35 40
10 5 39 42
10 2 41 62
10 7 61 63
10 12 62 68
10 13 68 74
10 4 73 76
10 12 75 77
10 11 76 79
10 13 79 86
10 0 85 87
10 8 86 88
10 0 87 91
10 11 90 92
10 0 91 94
10 13 95 97
10 15 96 98
10 2 97 99
10 12 98 101
10 5 100 102
10 12 101 103
10 13 102 108
10 10 107 113
10 7 112 114
10 1 113 115
10 7 114 120
10 12 119 122
10 14 123 126
10 2 125 127
10 4 126 129
10 6 130 134
10 3 133 135
10 6 134 144
10 3 143 156
10 5 157 159
10 2 159 161
10 14 160 163
10 7 162 176
10 10 175 177
10 5 176 179
10 7 178 182
10 14 181 183
10 11 183 186
10 6 188 195
10 3 195 197
10 6 197 205
10 12 204 207
10 6 206 214
10 3 214 216
10 10 217 219
10 5 218 223
10 15 222 224
10 2 223 225
10 5 224 226
10 8 225 232
10 5 231 234
10 1 233 235
10 8 234 239
10 5 240 254
10 0 253 256
10 5 255 257
10 4 256 259
10 2 258 262
10 5 261 273
10 8 272 274
10 5 274 277
10 6 276 282
10 7 281 284
10 2 283 285
10 4 284 286
10 5 287 295
10 7 295 298
10 12 297 300
10 7 299 301
10 12 300 312
10 15 313 315
10 4 315 317
10 15 316 319
10 12 318 320
10 15 319 321
10 12 320 322
10 0 321 323
10 11 323 327
10 5 326 328
10 0 327 330
10 5 329 337
10 0 336 338
10 12 339 341
10 15 340 342
10 11 341 346
10 5 345 347
10 2 346 349
10 11 348 358
10 5 357 360
10 0 359 364
10 11 364 366
10 7 365 369
10 1 369 376
10 15 377 379
10 1 378 380
10 12 379 381
10 1 381 383
10 6 382 384
10 7 383 388
10 13 389 391
10 2 390 394
10 5 393 395
10 2 394 396
10 4 395 400
10 10 399 402
10 9 401 404
10 10 403 405
10 7 404 406
10 15 405 407
10 5 407 412
10 12 412 414
10 5 413 419
10 4 418 421
10 15 420 424
10 4 423 427
10 15 426 428
10 4 427 432
10 12 432 436
10 4 435 449
10 13 448 450
10 15 449 451
10 12 450 452
10 11 451 453
10 12 452 454
10 11 453 455
10 15 454 456
10 12 457 465
10 11 464 466
10 12 466 469
10 11 468 471
10 15 470 472
10 12 475 477
10 4 476 479
10 2 478 482
10 15 481 509
10 4 508 510
