1 0 0 8
1 15 9 32
1 11 32 34
1 0 34 45
1 14 45 70
1 13 70 72
1 0 75 83
1 8 87 92
1 0 94 119
1 4 119 126
1 8 126 132
1 4 132 139
1 8 139 141
1 11 143 145
1 5 147 149
1 0 149 158
1 11 160 171
1 5 171 173
1 0 175 192
1 4 192 196
1 13 196 198
1 11 198 200
1 0 201 222
1 3 222 224
1 1 224 226
1 0 226 256
1 9 256 260
1 13 262 264
1 0 265 267
1 4 269 271
1 0 271 273
1 4 273 275
1 5 275 284
1 4 284 286
1 0 286 288
1 3 288 290
1 0 290 309
1 6 309 311
1 12 311 314
1 7 314 318
1 4 318 320
1 0 320 333
1 4 333 335
1 3 339 350
1 6 356 358
1 5 358 360
1 4 361 363
1 1 363 367
1 0 375 386
1 13 386 388
1 6 388 390
1 2 395 405
1 5 405 410
1 6 416 418
1 10 418 420
1 9 420 422
1 4 422 424
1 0 425 439
1 4 439 442
1 1 442 444
1 4 444 446
1 0 448 456
1 13 457 459
1 0 459 469
1 13 469 478
1 0 478 484
2 6 0 6
2 15 9 32
2 6 36 45
2 14 45 70
2 6 73 79
2 13 79 83
2 8 83 92
2 4 92 94
2 0 94 96
2 6 96 119
2 4 119 126
2 0 130 132
2 6 132 139
2 14 139 141
2 12 141 143
2 6 143 147
2 0 147 149
2 6 149 160
2 11 160 168
2 6 169 192
2 11 192 196
2 4 196 198
2 15 201 203
2 6 205 207
2 13 207 211
2 4 211 213
2 6 213 220
2 0 220 222
2 6 224 226
2 0 226 228
2 6 228 243
2 13 243 245
2 4 245 247
2 6 247 250
2 3 250 254
2 6 254 256
2 9 256 260
2 4 260 262
2 6 271 273
2 4 273 275
2 5 275 282
2 4 282 284
2 6 288 294
2 0 297 299
2 14 299 303
2 4 303 305
2 6 305 307
2 7 311 318
2 0 322 324
2 6 326 328
2 13 331 333
2 4 333 335
2 3 335 337
2 6 337 339
2 3 339 346
2 4 346 348
2 0 348 350
2 6 350 360
2 4 361 365
2 6 367 375
2 11 375 378
2 6 380 384
2 3 388 390
2 5 390 392
2 2 393 401
2 4 403 405
2 6 405 414
2 9 418 420
2 10 420 422
2 15 422 424
2 0 429 433
2 6 435 439
2 1 442 444
2 4 444 446
2 0 446 448
2 6 448 456
2 0 457 459
2 6 463 465
2 0 467 469
2 13 469 480
2 0 480 482
2 4 482 484
3 11 0 26
3 0 26 28
3 6 30 34
3 5 36 38
3 4 38 40
3 15 41 58
3 0 58 64
3 5 66 98
3 0 98 102
3 6 102 104
3 12 107 128
3 0 128 134
3 8 134 136
3 0 143 168
3 8 171 175
3 4 175 177
3 6 179 181
3 0 181 183
3 1 183 188
3 0 190 203
3 8 203 207
3 0 209 211
3 5 211 213
3 6 215 218
3 5 218 220
3 9 220 222
3 4 222 243
3 6 243 247
3 3 247 250
3 4 254 256
3 0 256 258
3 3 258 260
3 6 260 267
3 0 267 269
3 4 269 271
3 9 275 282
3 0 282 286
3 9 286 288
3 0 288 292
3 6 292 294
3 0 297 322
3 6 322 326
3 0 326 331
3 6 331 358
3 0 358 365
3 14 365 371
3 2 371 373
3 0 373 375
3 14 375 382
3 3 382 388
3 1 390 392
3 0 399 403
3 10 403 407
3 0 407 427
3 5 427 431
3 2 431 442
3 4 442 444
3 6 444 446
3 0 446 456
3 7 457 461
3 0 461 465
3 7 469 471
3 0 471 474
3 8 474 491
3 0 491 497
3 5 497 499
3 0 499 501
4 0 0 11
4 11 13 15
4 0 15 28
4 6 30 32
4 15 34 43
4 0 43 45
4 15 45 58
4 0 58 64
4 9 66 68
4 5 70 100
4 0 102 109
4 12 109 124
4 0 124 126
4 12 126 128
4 0 130 164
4 8 166 173
4 0 173 175
4 8 175 177
4 0 179 181
4 6 181 183
4 1 183 190
4 6 192 194
4 15 194 196
4 6 196 198
4 9 201 209
4 0 209 213
4 4 215 224
4 0 224 226
4 4 226 243
4 6 243 254
4 3 254 256
4 0 256 258
4 3 258 262
4 6 262 271
4 0 271 275
4 9 277 282
4 0 284 294
4 6 294 296
4 0 297 309
4 13 311 314
4 12 314 316
4 0 318 324
4 6 326 356
4 0 356 367
4 14 367 384
4 3 384 388
4 14 390 395
4 6 395 397
4 8 397 399
4 10 403 407
4 5 410 412
4 0 412 414
4 2 414 416
4 0 420 422
4 5 427 433
4 2 433 444
4 13 444 446
4 0 446 456
4 7 457 461
4 0 463 467
4 9 469 471
4 0 471 476
4 9 476 478
4 4 480 482
4 0 484 501
5 0 0 8
5 7 9 15
5 4 15 17
5 0 19 26
5 4 28 30
5 11 30 32
5 0 32 40
5 11 43 66
5 0 68 79
5 15 79 98
5 4 102 104
5 0 105 111
5 7 111 113
5 11 113 115
5 2 115 132
5 15 134 136
5 0 139 143
5 13 143 147
5 15 147 149
5 0 149 179
5 9 179 183
5 10 183 186
5 0 188 192
5 15 194 196
5 0 196 203
5 10 203 207
5 3 207 226
5 6 226 228
5 13 228 230
5 0 235 239
5 10 239 245
5 0 245 250
5 4 250 252
5 0 252 254
5 4 254 256
5 0 256 262
5 6 262 279
5 0 282 288
5 4 288 290
5 1 290 294
5 4 294 296
5 10 297 299
5 0 301 314
5 15 314 316
5 4 316 318
5 0 320 328
5 15 329 333
5 0 333 352
5 14 354 371
5 12 371 373
5 0 373 380
5 8 382 384
5 4 384 416
5 5 416 437
5 9 437 439
5 4 439 446
5 0 446 450
5 8 452 463
5 4 465 471
5 0 471 488
5 12 491 501
6 0 0 8
6 7 9 13
6 4 13 15
6 0 15 40
6 11 41 58
6 12 58 64
6 0 66 75
6 11 79 81
6 15 81 98
6 11 98 100
6 4 105 107
6 0 107 109
6 9 109 111
6 0 111 113
6 2 115 132
6 0 132 141
6 15 143 147
6 0 151 154
6 4 154 156
6 0 156 173
6 4 173 175
6 0 177 179
6 9 179 183
6 4 186 188
6 0 188 205
6 6 205 207
6 3 207 226
6 6 226 228
6 13 228 230
6 0 235 237
6 10 237 243
6 0 243 258
6 6 260 277
6 4 279 282
6 0 282 286
6 4 286 290
6 1 292 296
6 4 299 301
6 0 301 318
6 4 318 320
6 0 320 341
6 15 341 343
6 11 343 346
6 0 346 352
6 14 352 371
6 0 378 380
6 4 382 403
6 15 405 407
6 4 407 416
6 5 416 437
6 0 437 439
6 4 439 442
6 0 442 444
6 12 444 446
6 4 446 450
6 11 450 452
6 8 452 454
6 11 454 456
6 8 457 465
6 0 467 478
6 4 478 484
6 0 484 488
6 12 489 503
7 0 0 6
7 7 6 19
7 4 19 23
7 0 23 30
7 13 30 34
7 15 34 53
7 11 53 55
7 13 55 58
7 0 58 60
7 13 60 62
7 12 62 64
7 4 64 66
7 1 68 87
7 4 87 92
7 6 92 94
7 8 96 104
7 13 105 107
7 4 107 109
7 8 109 115
7 0 115 126
7 13 130 132
7 12 132 158
7 13 158 168
7 4 169 171
7 9 171 183
7 4 183 188
7 13 188 190
7 4 190 194
7 6 194 224
7 13 224 226
7 0 226 228
7 13 228 239
7 0 239 241
7 13 241 243
7 0 243 260
7 4 260 262
7 2 265 290
7 8 290 292
7 0 292 299
7 3 301 324
7 6 324 331
7 13 331 333
7 14 333 358
7 4 358 367
7 0 367 371
7 4 371 378
7 11 378 386
7 12 386 390
7 11 393 397
7 12 399 401
7 11 401 410
7 12 410 412
7 11 412 424
7 6 425 427
7 0 427 429
7 6 429 431
7 13 431 433
7 6 433 435
7 0 435 446
7 12 448 450
7 0 452 463
7 4 463 465
7 5 467 491
7 8 495 497
7 10 503 512
7 9 512 514
8 10 0 2
8 8 2 4
8 0 4 8
8 7 9 21
8 0 21 34
8 4 34 36
8 11 36 38
8 0 45 47
8 11 47 53
8 0 53 55
8 11 55 58
8 8 60 64
8 1 66 77
8 5 77 79
8 1 81 90
8 4 90 92
8 8 92 94
8 11 94 96
8 0 96 98
8 8 98 119
8 11 122 124
8 0 126 128
8 12 128 141
8 6 141 143
8 12 143 149
8 6 149 151
8 12 151 158
8 0 158 166
8 13 166 168
8 9 169 186
8 4 186 188
8 6 188 190
8 5 190 192
8 13 192 194
8 6 194 226
8 0 226 228
8 13 228 252
8 4 252 254
8 0 254 262
8 13 262 264
8 5 265 267
8 2 267 290
8 5 290 292
8 0 292 296
8 6 297 303
8 3 303 311
8 6 311 314
8 3 314 324
8 6 326 328
8 13 329 331
8 14 331 358
8 1 358 360
8 8 361 363
8 4 363 371
8 0 371 373
8 4 373 386
8 11 386 388
8 12 388 390
8 0 390 392
8 11 395 397
8 4 399 401
8 12 401 403
8 11 410 412
8 12 412 416
8 11 416 418
8 8 418 420
8 13 420 422
8 8 422 424
8 0 429 442
8 11 442 444
8 0 444 456
8 8 457 459
8 0 459 465
8 5 465 501
8 4 501 503
8 10 506 516
9 9 4 6
9 14 6 26
9 9 26 30
9 5 30 32
9 2 34 60
9 7 60 62
9 14 64 68
9 13 68 75
9 12 75 77
9 13 81 87
9 8 87 90
9 4 90 92
9 8 92 94
9 12 94 98
9 14 98 102
9 13 102 104
9 9 105 109
9 10 109 113
9 5 117 119
9 13 122 126
9 5 126 128
9 9 128 130
9 3 132 154
9 4 154 156
9 12 158 162
9 5 162 164
9 7 164 168
9 8 169 171
9 0 171 173
9 7 173 177
9 12 183 186
9 4 188 190
9 6 190 220
9 14 220 224
9 9 228 230
9 8 230 237
9 4 237 239
9 8 239 247
9 9 247 252
9 6 252 254
9 8 254 256
9 4 258 260
9 5 260 288
9 4 288 290
9 9 290 292
9 4 292 294
9 13 294 296
9 3 297 299
9 2 301 303
9 11 305 307
9 12 307 309
9 15 309 311
9 4 311 314
9 10 316 318
9 5 320 324
9 11 339 354
9 12 354 367
9 7 367 369
9 4 369 371
9 1 371 375
9 7 375 378
9 4 378 384
9 1 388 390
9 13 390 392
9 14 393 397
9 1 397 399
9 12 399 401
9 9 401 405
9 5 407 418
9 4 420 422
9 2 422 427
9 13 427 439
9 4 439 442
9 14 446 448
9 6 448 450
9 12 452 454
9 11 454 456
9 0 457 461
9 15 461 463
9 11 465 467
9 0 467 469
9 15 471 474
9 0 474 476
9 12 476 480
9 6 480 482
9 0 482 484
9 15 484 486
9 12 486 488
9 15 489 506
9 9 506 508
10 8 2 4
10 14 6 26
10 15 26 28
10 4 28 30
10 2 36 38
10 5 38 40
10 2 43 62
10 4 62 64
10 7 66 68
10 13 68 75
10 15 75 77
10 13 79 98
10 12 100 102
10 13 102 107
10 10 107 113
10 7 115 119
10 10 119 122
10 14 124 126
10 4 126 130
10 6 130 143
10 3 143 154
10 6 154 156
10 7 158 160
10 14 160 162
10 7 162 175
10 6 175 177
10 5 177 179
10 7 179 181
10 14 181 183
10 6 188 196
10 1 196 198
10 6 198 205
10 12 205 207
10 6 209 211
10 4 215 218
10 6 220 222
10 15 222 224
10 4 224 226
10 8 226 239
10 5 239 243
10 12 243 245
10 5 245 256
10 4 256 260
10 8 262 275
10 5 275 277
10 6 279 282
10 7 282 284
10 15 284 286
10 5 286 290
10 15 290 292
10 5 292 294
10 7 294 296
10 12 297 299
10 2 299 301
10 11 301 305
10 12 305 311
10 4 314 316
10 15 316 320
10 6 322 324
10 11 324 328
10 5 331 333
10 15 333 335
10 11 337 339
10 12 339 341
10 11 341 346
10 12 352 354
10 11 356 358
10 5 358 360
10 11 361 363
10 7 365 367
10 10 367 369
10 1 371 380
10 7 382 388
10 15 388 390
10 4 390 399
10 10 403 405
10 7 405 407
10 5 410 412
10 12 412 414
10 5 414 418
10 13 418 420
10 15 420 424
10 4 425 431
10 15 433 435
10 4 435 448
10 15 448 452
10 0 454 456
10 12 457 461
10 0 461 463
10 15 463 467
10 12 467 469
10 0 469 471
10 15 471 474
10 13 478 482
10 15 484 503
10 9 506 508
