1 0 1 8
1 15 7 33
1 6 32 34
1 0 33 45
1 14 44 70
1 13 70 74
1 0 73 84
1 8 86 92
1 13 91 93
1 0 94 120
1 4 119 127
1 8 129 131
1 4 132 138
1 10 140 142
1 0 141 143
1 11 143 148
1 0 148 159
1 6 158 161
1 11 160 173
1 0 174 176
1 6 175 179
1 0 179 192
1 13 192 194
1 4 193 195
1 11 197 199
1 6 198 202
1 0 201 223
1 3 222 224
1 1 224 226
1 0 225 246
1 6 245 247
1 11 246 250
1 6 249 251
1 0 250 256
1 9 255 261
1 15 260 262
1 4 261 263
1 13 262 264
1 0 263 270
1 4 269 275
1 5 275 284
1 1 284 286
1 6 286 290
1 0 290 294
1 6 293 295
1 0 294 310
1 6 309 312
1 7 311 318
1 15 317 319
1 0 319 330
1 6 330 332
1 0 331 333
1 4 332 334
1 6 334 339
1 3 338 349
1 4 349 355
1 0 355 357
1 6 357 359
1 0 358 362
1 4 361 363
1 1 362 364
1 6 363 371
1 0 377 386
1 6 385 387
1 13 386 388
1 6 387 391
1 5 391 395
1 2 394 405
1 5 404 408
1 4 409 411
1 6 415 419
1 10 418 420
1 9 419 421
1 10 420 423
1 15 422 424
1 0 423 430
1 6 429 431
1 0 430 439
1 1 438 446
1 0 449 452
1 6 452 454
1 0 453 459
1 6 460 462
1 0 462 469
1 13 468 475
1 15 474 476
1 0 475 477
1 13 476 478
1 0 477 483
1 6 482 484
1 0 483 486
1 13 485 487
2 6 0 6
2 15 5 34
2 14 33 37
2 0 37 44
2 6 43 45
2 14 44 71
2 6 71 80
2 13 79 83
2 8 83 91
2 6 90 93
2 4 92 95
2 0 94 97
2 6 96 119
2 4 118 127
2 6 127 129
2 0 128 130
2 6 129 131
2 0 130 132
2 6 131 139
2 14 138 142
2 6 142 148
2 0 147 149
2 6 151 161
2 11 160 168
2 6 167 193
2 11 192 196
2 4 196 198
2 6 198 203
2 15 202 205
2 6 204 207
2 13 207 212
2 4 211 213
2 6 212 243
2 13 242 245
2 4 244 247
2 6 246 251
2 3 250 252
2 1 251 253
2 6 253 256
2 9 255 259
2 15 261 263
2 0 262 264
2 6 263 266
2 0 266 268
2 6 268 273
2 4 273 275
2 5 277 282
2 6 286 289
2 0 288 293
2 6 292 294
2 0 293 295
2 3 298 300
2 14 299 303
2 4 302 305
2 6 304 307
2 0 306 311
2 6 310 312
2 7 311 318
2 0 317 324
2 6 323 330
2 15 329 331
2 13 330 332
2 6 334 339
2 3 338 344
2 6 349 358
2 0 357 359
2 6 358 362
2 4 361 365
2 6 364 376
2 11 377 379
2 6 380 387
2 13 387 389
2 6 389 391
2 5 390 392
2 2 391 401
2 4 400 403
2 15 402 404
2 4 403 406
2 6 405 414
2 0 413 415
2 10 417 422
2 15 422 427
2 0 426 428
2 6 428 430
2 0 429 433
2 6 432 437
2 0 437 439
2 1 439 445
2 4 444 446
2 0 445 455
2 6 454 458
2 0 457 459
2 7 459 463
2 6 462 466
2 0 465 469
2 13 468 476
2 4 477 480
2 0 479 485
2 3 484 486
3 11 0 27
3 8 27 31
3 0 30 35
3 6 34 36
3 5 35 38
3 15 39 59
3 0 58 66
3 6 65 67
3 5 67 98
3 0 98 102
3 6 103 106
3 8 105 107
3 11 106 108
3 12 107 129
3 8 128 138
3 0 137 172
3 8 171 175
3 4 174 177
3 9 176 178
3 4 178 181
3 0 180 183
3 1 182 189
3 0 188 192
3 4 192 194
3 0 194 204
3 8 203 207
3 0 207 212
3 8 211 213
3 4 212 214
3 6 214 220
3 8 219 222
3 4 221 244
3 6 243 247
3 3 246 251
3 6 250 252
3 3 252 263
3 6 262 266
3 4 267 272
3 11 271 274
3 7 273 275
3 10 274 276
3 9 275 283
3 0 282 285
3 9 286 288
3 4 287 290
3 0 289 294
3 8 293 295
3 13 294 298
3 0 298 306
3 13 305 308
3 0 307 311
3 13 310 312
3 0 311 315
3 4 314 316
3 0 315 321
3 6 322 328
3 0 327 331
3 6 330 358
3 0 358 362
3 8 361 366
3 14 365 371
3 2 371 373
3 13 372 374
3 0 373 375
3 13 374 379
3 14 378 382
3 3 381 390
3 1 389 392
3 0 391 395
3 6 395 397
3 8 396 400
3 0 399 403
3 10 402 408
3 0 407 421
3 6 423 426
3 5 426 431
3 2 430 443
3 4 443 445
3 0 444 452
3 8 451 454
3 0 453 456
3 9 455 458
3 7 457 462
3 0 461 468
3 4 467 469
3 10 468 470
3 7 469 472
3 0 471 476
3 8 476 479
3 0 478 482
3 8 481 491
3 0 490 497
3 8 496 499
3 0 499 503
4 0 0 8
4 11 7 16
4 0 15 17
4 11 16 24
4 0 23 31
4 4 32 34
4 15 37 44
4 0 43 46
4 15 46 59
4 0 58 66
4 4 65 67
4 0 69 71
4 9 70 72
4 5 73 101
4 0 102 110
4 12 109 128
4 0 129 131
4 6 132 134
4 8 134 136
4 0 135 140
4 6 139 141
4 0 140 143
4 8 142 144
4 0 144 148
4 6 148 150
4 0 149 166
4 8 166 168
4 6 167 175
4 0 174 176
4 8 175 177
4 9 176 178
4 0 177 181
4 6 182 184
4 1 183 191
4 6 191 197
4 0 197 199
4 9 199 208
4 4 207 209
4 0 210 212
4 4 211 225
4 0 224 226
4 4 225 244
4 6 243 254
4 3 253 263
4 6 262 271
4 0 270 272
4 4 271 274
4 0 273 275
4 8 274 276
4 0 275 277
4 4 276 278
4 9 277 282
4 4 281 285
4 0 284 286
4 4 285 287
4 0 287 290
4 4 289 292
4 0 291 306
4 13 308 310
4 4 309 312
4 13 311 315
4 4 315 317
4 13 316 318
4 0 317 321
4 4 320 323
4 0 322 324
4 12 323 326
4 6 326 328
4 13 327 330
4 6 331 356
4 0 357 367
4 14 366 379
4 3 378 382
4 14 381 383
4 1 382 384
4 3 383 388
4 14 388 395
4 8 395 398
4 11 398 400
4 0 399 402
4 9 402 404
4 10 403 407
4 9 406 410
4 4 409 411
4 13 412 414
4 2 413 417
4 0 417 422
4 4 422 424
4 0 423 427
4 5 426 433
4 2 432 445
4 4 444 446
4 0 446 458
4 10 457 459
4 7 458 462
4 10 461 463
4 0 462 465
4 15 464 466
4 0 465 468
4 9 467 469
4 4 468 470
4 7 469 471
4 10 470 472
4 0 471 475
4 4 474 476
4 0 476 481
4 8 480 486
4 0 485 487
4 4 486 488
4 8 487 490
4 0 489 494
4 4 493 495
4 0 494 503
5 0 0 10
5 7 9 16
5 4 15 17
5 10 17 19
5 0 19 27
5 13 26 29
5 4 29 31
5 0 31 43
5 12 42 45
5 11 45 49
5 12 49 52
5 11 51 56
5 12 57 59
5 11 58 61
5 12 61 65
5 11 65 67
5 12 66 68
5 0 67 70
5 13 71 74
5 0 73 79
5 15 79 98
5 0 98 112
5 10 111 113
5 2 113 133
5 0 133 135
5 4 134 136
5 0 137 143
5 13 142 147
5 15 147 149
5 0 149 180
5 9 179 182
5 10 181 186
5 15 185 187
5 10 186 188
5 0 189 193
5 9 192 194
5 15 193 195
5 0 195 204
5 10 204 207
5 3 206 226
5 6 226 229
5 4 228 231
5 0 231 239
5 10 238 245
5 0 244 250
5 13 250 252
5 0 251 255
5 12 254 256
5 0 256 262
5 6 261 280
5 13 281 283
5 0 282 288
5 10 287 289
5 8 288 290
5 1 290 295
5 4 294 298
5 0 298 314
5 13 313 315
5 15 314 316
5 4 315 318
5 0 317 330
5 15 329 332
5 0 333 353
5 14 352 371
5 0 374 380
5 11 380 382
5 8 381 385
5 4 384 406
5 13 405 407
5 4 406 408
5 0 409 411
5 4 411 414
5 9 413 416
5 4 415 417
5 5 416 438
5 4 437 439
5 9 438 440
5 14 439 442
5 12 441 443
5 4 442 446
5 0 446 451
5 11 450 452
5 8 451 463
5 0 465 467
5 4 467 471
5 0 470 476
5 4 475 477
5 0 477 490
5 12 489 507
6 12 0 2
6 0 2 8
6 7 7 14
6 10 13 15
6 0 14 42
6 12 41 43
6 11 44 51
6 12 50 52
6 11 51 58
6 12 59 65
6 0 64 68
6 4 67 69
6 0 68 76
6 13 75 77
6 12 80 82
6 4 81 83
6 15 82 98
6 13 98 100
6 4 99 101
6 0 101 104
6 4 103 107
6 0 106 112
6 4 111 113
6 5 112 114
6 2 113 133
6 0 132 134
6 15 134 136
6 0 137 142
6 13 141 145
6 15 144 148
6 0 148 155
6 4 154 156
6 0 155 166
6 13 166 168
6 0 167 173
6 4 174 176
6 0 175 179
6 9 178 182
6 10 181 187
6 4 187 189
6 0 188 197
6 4 197 199
6 0 198 204
6 6 204 208
6 3 207 227
6 6 226 230
6 0 234 237
6 10 238 243
6 0 242 259
6 6 258 278
6 11 277 282
6 0 282 288
6 4 288 291
6 1 291 298
6 4 297 301
6 0 300 302
6 12 301 303
6 0 302 341
6 15 340 343
6 12 342 346
6 0 345 348
6 12 347 349
6 0 351 353
6 14 352 371
6 6 370 372
6 15 372 374
6 12 374 376
6 0 377 381
6 8 380 382
6 4 381 405
6 15 404 406
6 4 406 416
6 0 415 417
6 5 416 437
6 0 437 439
6 4 438 440
6 0 441 443
6 13 445 447
6 4 447 450
6 11 449 453
6 8 452 454
6 11 453 460
6 8 460 466
6 12 466 468
6 0 467 470
6 4 469 472
6 0 473 478
6 4 477 485
6 0 484 487
6 12 489 507
7 0 3 7
7 7 6 19
7 10 18 20
7 4 19 23
7 10 22 24
7 0 23 32
7 15 33 47
7 4 46 48
7 15 48 53
7 11 52 55
7 13 54 56
7 11 55 59
7 0 58 61
7 13 60 62
7 12 61 63
7 4 64 67
7 1 66 88
7 4 87 90
7 6 92 94
7 4 93 96
7 0 95 97
7 13 96 98
7 8 97 103
7 4 103 106
7 0 105 109
7 8 108 116
7 0 115 124
7 8 126 128
7 0 127 129
7 13 129 131
7 5 130 132
7 15 131 133
7 12 132 159
7 4 159 161
7 8 160 163
7 0 162 164
7 8 163 166
7 5 166 168
7 6 169 171
7 9 170 183
7 7 182 184
7 4 183 188
7 0 187 189
7 13 188 190
7 10 189 191
7 4 190 193
7 6 192 194
7 0 193 195
7 6 194 224
7 0 224 228
7 13 227 240
7 0 239 242
7 13 241 244
7 0 243 259
7 1 261 263
7 4 262 264
7 2 263 291
7 0 290 298
7 6 299 301
7 3 300 325
7 6 324 332
7 13 331 333
7 14 332 358
7 4 358 367
7 0 367 370
7 4 369 378
7 6 377 379
7 4 380 383
7 11 383 386
7 12 385 390
7 4 390 392
7 11 391 394
7 4 395 397
7 12 396 402
7 11 401 403
7 12 402 405
7 11 404 408
7 12 407 413
7 11 412 417
7 12 416 418
7 11 417 419
7 12 418 422
7 11 421 424
7 6 423 426
7 13 425 427
7 0 427 429
7 6 428 430
7 13 430 432
7 6 431 435
7 3 434 436
7 0 435 443
7 6 442 444
7 0 445 447
7 11 446 448
7 13 449 451
7 0 451 464
7 5 464 493
7 4 492 494
7 12 493 495
7 0 495 497
7 8 496 498
7 0 497 501
7 9 500 502
7 10 501 513
7 9 512 514
7 10 513 517
8 0 2 10
8 7 9 21
8 10 20 22
8 0 21 33
8 4 32 37
8 13 37 40
8 4 39 43
8 13 42 44
8 4 43 46
8 0 45 49
8 8 49 51
8 0 50 52
8 11 51 53
8 15 52 54
8 0 53 62
8 8 61 64
8 0 63 65
8 1 65 79
8 5 78 80
8 13 79 81
8 1 80 90
8 0 92 95
8 8 94 96
8 0 95 98
8 8 97 120
8 0 119 132
8 12 131 142
8 11 141 143
8 12 142 150
8 13 149 151
8 8 150 152
8 12 151 159
8 0 158 160
8 8 160 165
8 13 164 168
8 0 167 170
8 9 169 187
8 4 186 189
8 6 188 191
8 13 192 194
8 6 193 226
8 13 228 253
8 4 252 254
8 0 253 263
8 5 263 267
8 2 266 291
8 5 290 293
8 0 294 296
8 6 295 303
8 3 302 311
8 6 311 315
8 3 315 325
8 6 324 331
8 13 330 332
8 14 332 359
8 1 358 360
8 4 361 371
8 0 371 373
8 4 372 387
8 12 386 390
8 0 390 395
8 11 395 397
8 12 396 398
8 4 399 401
8 11 400 402
8 12 401 405
8 11 404 408
8 12 407 419
8 0 419 421
8 8 420 422
8 0 421 423
8 8 422 424
8 13 423 426
8 0 426 458
8 8 457 459
8 0 458 465
8 5 464 503
8 0 502 506
8 10 505 518
9 7 0 2
9 9 3 5
9 14 5 27
9 9 26 28
9 8 29 31
9 5 30 33
9 2 34 60
9 7 59 62
9 10 61 63
9 1 64 66
9 14 66 68
9 13 67 75
9 12 74 76
9 15 75 79
9 12 78 80
9 15 79 81
9 13 80 88
9 8 87 90
9 4 89 91
9 11 90 92
9 12 91 93
9 4 92 94
9 12 93 96
9 6 95 98
9 12 97 99
9 8 98 101
9 13 100 106
9 9 105 109
9 10 108 113
9 7 112 114
9 10 113 116
9 15 115 117
9 5 119 123
9 13 122 127
9 10 127 129
9 9 129 131
9 3 130 155
9 13 154 156
9 4 155 157
9 10 156 159
9 12 159 161
9 5 160 164
9 7 163 168
9 10 167 170
9 8 169 172
9 0 171 173
9 8 172 174
9 7 173 178
9 10 177 181
9 12 180 182
9 4 186 189
9 6 190 211
9 5 210 212
9 6 211 220
9 14 219 221
9 13 220 222
9 14 221 223
9 1 222 224
9 10 223 226
9 8 226 228
9 10 227 229
9 9 228 231
9 8 230 232
9 7 233 235
9 8 234 247
9 9 247 251
9 12 251 253
9 8 252 255
9 14 254 256
9 8 255 259
9 5 260 288
9 0 288 290
9 9 289 292
9 4 292 295
9 2 294 303
9 11 302 304
9 2 303 306
9 12 306 310
9 15 309 311
9 12 310 312
9 4 311 314
9 15 313 315
9 10 314 316
9 9 315 317
9 10 316 321
9 12 320 322
9 5 321 325
9 10 324 326
9 5 325 327
9 8 326 331
9 5 332 337
9 8 337 339
9 12 339 343
9 5 343 346
9 12 347 349
9 11 349 352
9 12 352 362
9 4 361 363
9 5 363 365
9 4 365 367
9 7 366 370
9 6 369 371
9 1 370 376
9 7 375 382
9 4 381 383
9 6 383 386
9 1 387 394
9 2 394 396
9 14 395 398
9 1 397 399
9 12 398 401
9 9 400 402
9 10 401 403
9 9 403 406
9 8 407 410
9 5 409 416
9 4 417 422
9 2 421 427
9 13 426 430
9 2 429 432
9 13 432 435
9 14 434 436
9 12 435 438
9 0 437 439
9 14 438 440
9 0 439 442
9 14 441 444
9 9 443 445
9 3 444 446
9 13 445 448
9 6 448 450
9 15 452 454
9 12 453 456
9 6 455 458
9 0 457 461
9 15 460 466
9 11 465 467
9 0 467 471
9 15 470 472
9 0 471 477
9 6 481 483
9 12 482 484
9 15 483 486
9 12 485 487
9 15 486 501
9 9 502 504
9 10 503 506
9 9 506 508
9 15 507 510
9 10 509 511
10 12 1 3
10 8 2 4
10 14 5 27
10 15 26 28
10 7 27 29
10 15 28 31
10 10 30 32
10 8 32 34
10 2 35 62
10 7 61 68
10 13 67 87
10 0 89 95
10 13 94 98
10 11 100 102
10 12 102 104
10 13 103 108
10 10 107 113
10 7 114 119
10 10 118 120
10 14 122 126
10 13 125 127
10 4 127 129
10 6 129 144
10 3 143 155
10 2 156 158
10 5 157 159
10 7 158 160
10 14 159 163
10 7 162 176
10 6 175 177
10 5 177 179
10 7 178 182
10 14 181 183
10 11 183 186
10 6 188 195
10 1 196 198
10 6 198 220
10 7 219 221
10 15 222 224
10 10 224 226
10 8 225 231
10 10 233 235
10 8 234 239
10 5 240 244
10 12 244 246
10 5 245 256
10 4 256 259
10 7 259 261
10 2 260 264
10 8 263 267
10 5 267 269
10 8 268 271
10 5 270 272
10 8 271 275
10 6 276 282
10 7 281 283
10 2 283 285
10 5 286 291
10 15 290 292
10 5 291 295
10 7 295 299
10 12 298 307
10 11 306 308
10 12 307 311
10 15 310 321
10 2 320 324
10 11 323 328
10 2 330 333
10 15 332 335
10 2 334 339
10 11 338 340
10 12 339 341
10 11 340 346
10 5 345 347
10 13 346 348
10 15 351 353
10 11 352 354
10 4 353 355
10 11 354 358
10 2 357 359
10 11 361 363
10 7 365 369
10 10 368 370
10 1 371 376
10 7 383 388
10 10 387 389
10 14 388 390
10 13 389 395
10 4 394 398
10 7 399 401
10 10 400 402
10 9 401 404
10 10 403 405
10 7 404 408
10 4 409 411
10 12 412 415
10 5 414 416
10 4 418 427
10 15 426 428
10 4 427 432
10 15 432 436
10 4 435 449
10 15 448 450
10 9 449 451
10 15 450 455
10 0 454 456
10 6 455 459
10 12 459 465
10 0 464 466
10 11 468 470
10 4 476 478
10 13 477 481
10 7 480 482
10 14 481 483
10 15 484 492
10 9 491 493
10 15 493 503
10 7 503 506
10 9 505 507
10 15 507 509
10 2 508 511
