1 0 2 8
1 15 9 32
1 6 32 34
1 0 34 45
1 14 45 70
1 13 70 72
1 0 73 83
1 8 87 92
1 0 94 119
1 4 119 136
1 0 141 143
1 11 143 147
1 0 149 158
1 6 158 160
1 11 160 173
1 6 175 179
1 0 179 192
1 13 192 194
1 6 198 200
1 0 201 222
1 3 222 224
1 1 224 226
1 0 226 245
1 6 245 247
1 11 247 250
1 0 250 256
1 9 256 260
1 15 260 262
1 13 262 264
1 0 265 269
1 4 269 275
1 5 275 284
1 1 284 286
1 6 286 290
1 0 290 309
1 6 309 311
1 7 311 318
1 0 320 333
1 6 337 339
1 3 339 348
1 4 352 354
1 0 358 360
1 4 361 363
1 6 363 371
1 0 378 386
1 13 386 388
1 5 393 395
1 2 395 405
1 5 405 407
1 10 418 422
1 15 422 424
1 0 427 429
1 6 429 431
1 0 431 439
1 1 442 446
1 0 450 452
1 6 452 454
1 0 454 469
1 13 469 474
1 15 474 476
1 13 476 478
1 0 478 480
1 6 482 484
2 6 0 6
2 15 6 34
2 14 34 36
2 0 38 43
2 6 43 45
2 14 45 70
2 6 73 77
2 13 79 83
2 8 83 90
2 6 90 92
2 4 92 94
2 0 94 96
2 6 96 119
2 4 119 126
2 0 128 132
2 6 132 139
2 14 139 141
2 6 143 147
2 0 147 149
2 6 151 160
2 11 160 168
2 6 169 192
2 11 192 196
2 4 196 198
2 6 198 203
2 15 203 205
2 6 205 207
2 13 207 211
2 4 211 213
2 6 215 243
2 13 243 245
2 4 245 247
2 6 247 250
2 3 250 252
2 6 254 256
2 9 256 258
2 0 262 264
2 6 271 273
2 4 273 275
2 5 277 282
2 6 286 288
2 0 288 292
2 6 292 294
2 14 299 303
2 4 303 305
2 6 305 307
2 0 307 311
2 7 311 318
2 0 318 324
2 6 324 328
2 15 329 331
2 6 335 339
2 3 339 343
2 6 350 360
2 4 361 365
2 6 365 384
2 5 390 392
2 2 393 401
2 4 401 405
2 6 405 414
2 10 418 422
2 15 422 427
2 0 429 433
2 6 433 437
2 0 437 439
2 1 439 444
2 4 444 446
2 0 446 454
2 6 454 456
2 0 457 459
2 7 459 463
2 6 463 465
2 0 465 469
2 13 469 476
2 4 478 480
3 11 0 26
3 8 28 30
3 0 30 32
3 6 34 36
3 5 36 38
3 15 41 58
3 0 58 66
3 5 68 98
3 0 98 102
3 8 105 107
3 12 107 122
3 8 128 136
3 0 137 168
3 8 171 175
3 4 175 181
3 0 181 183
3 1 183 188
3 0 188 192
3 4 192 194
3 0 194 203
3 8 203 207
3 0 207 211
3 8 211 213
3 6 215 220
3 8 220 222
3 4 222 243
3 6 243 247
3 3 247 250
3 6 250 252
3 3 252 260
3 6 262 264
3 4 267 271
3 11 271 273
3 7 273 275
3 9 275 282
3 0 282 284
3 9 286 288
3 4 288 290
3 0 290 294
3 13 294 296
3 0 299 305
3 13 305 307
3 0 307 314
3 4 314 316
3 0 316 320
3 6 322 328
3 0 329 331
3 6 331 358
3 0 358 360
3 8 361 365
3 14 365 371
3 2 371 373
3 0 373 375
3 13 375 378
3 14 378 382
3 3 382 390
3 1 390 392
3 0 393 395
3 6 395 397
3 8 397 399
3 0 399 403
3 10 403 407
3 0 407 420
3 5 427 431
3 2 431 442
3 0 444 452
3 8 452 454
3 0 454 456
3 7 457 461
3 0 461 467
3 4 467 469
3 7 469 471
3 0 471 476
3 8 476 478
3 0 478 482
3 8 482 491
3 0 491 497
3 8 497 499
3 0 499 501
4 0 0 8
4 11 9 15
4 0 15 17
4 11 21 23
4 0 23 28
4 4 32 34
4 15 38 43
4 0 43 45
4 15 47 58
4 0 58 66
4 9 70 72
4 5 73 100
4 0 102 109
4 12 109 128
4 6 132 134
4 8 134 136
4 0 137 139
4 6 139 141
4 0 141 166
4 8 166 168
4 6 169 175
4 8 175 177
4 0 177 181
4 1 183 190
4 6 192 194
4 9 203 207
4 4 207 224
4 0 224 226
4 4 228 243
4 6 243 254
4 3 254 262
4 6 262 271
4 4 271 273
4 0 273 277
4 9 277 282
4 4 282 284
4 0 284 290
4 4 290 292
4 0 294 305
4 4 309 311
4 13 311 318
4 0 318 320
4 4 320 322
4 0 322 324
4 12 324 326
4 6 326 356
4 0 358 367
4 14 367 378
4 3 378 382
4 1 382 384
4 3 384 388
4 14 388 395
4 8 395 397
4 0 399 401
4 10 403 407
4 9 407 410
4 13 412 414
4 2 414 416
4 0 418 422
4 4 422 424
4 0 425 427
4 5 427 433
4 2 433 444
4 4 444 446
4 0 446 456
4 10 457 459
4 7 459 461
4 10 461 463
4 0 463 467
4 9 467 469
4 7 469 471
4 0 471 474
4 4 474 476
4 0 476 478
4 8 480 486
4 4 486 488
4 0 489 493
4 4 493 495
4 0 495 501
5 0 0 8
5 7 9 15
5 4 15 17
5 10 17 19
5 0 19 26
5 13 26 28
5 0 32 43
5 12 43 45
5 11 45 49
5 12 49 51
5 11 51 60
5 12 62 68
5 0 68 79
5 15 79 98
5 0 98 111
5 10 111 113
5 2 113 132
5 4 134 136
5 0 137 143
5 13 143 147
5 15 147 149
5 0 149 179
5 9 179 181
5 10 181 188
5 0 190 192
5 9 192 194
5 0 196 203
5 10 205 207
5 3 207 226
5 6 226 228
5 4 228 230
5 0 233 239
5 10 239 245
5 0 245 250
5 13 250 252
5 0 252 254
5 12 254 256
5 0 256 262
5 6 262 279
5 0 282 288
5 8 288 290
5 1 290 294
5 4 294 296
5 0 299 314
5 15 314 316
5 4 316 318
5 0 318 328
5 15 329 331
5 0 333 352
5 14 352 371
5 0 375 380
5 11 380 382
5 4 384 405
5 13 405 407
5 4 412 414
5 9 414 416
5 5 416 437
5 4 437 439
5 14 439 442
5 4 442 446
5 0 446 450
5 11 450 452
5 8 452 463
5 0 465 467
5 4 467 471
5 0 471 488
5 12 489 503
6 12 0 2
6 0 2 8
6 7 9 13
6 10 13 15
6 0 15 40
6 12 41 43
6 11 47 58
6 12 62 64
6 0 64 75
6 13 75 77
6 4 81 83
6 15 83 98
6 13 98 100
6 0 102 104
6 4 105 107
6 0 107 109
6 4 111 113
6 2 113 132
6 0 132 134
6 15 134 136
6 0 137 141
6 13 141 145
6 15 145 147
6 0 149 154
6 4 154 156
6 0 156 166
6 13 166 168
6 0 169 179
6 9 179 181
6 10 181 186
6 0 188 203
6 6 205 207
6 3 207 226
6 6 226 230
6 0 235 237
6 10 239 243
6 0 243 258
6 6 258 277
6 11 277 282
6 0 282 288
6 4 288 290
6 1 292 296
6 4 297 301
6 12 301 303
6 0 303 341
6 15 341 343
6 12 343 346
6 0 346 348
6 14 352 371
6 0 378 380
6 8 380 382
6 4 382 416
6 5 416 437
6 0 437 439
6 4 448 450
6 8 452 454
6 11 454 459
6 8 461 465
6 0 467 469
6 4 469 471
6 0 476 478
6 4 478 484
6 0 484 486
6 12 489 503
7 0 4 6
7 7 6 19
7 4 19 23
7 0 23 32
7 15 34 53
7 11 53 58
7 0 58 60
7 13 60 62
7 4 64 66
7 1 66 87
7 4 87 90
7 6 92 94
7 4 94 96
7 13 96 98
7 8 98 102
7 0 105 109
7 8 109 115
7 0 115 124
7 8 126 128
7 5 130 132
7 12 132 158
7 8 160 162
7 0 162 164
7 8 164 166
7 5 166 168
7 6 169 171
7 9 171 183
7 4 183 188
7 13 188 190
7 4 190 192
7 6 192 224
7 0 224 228
7 13 228 239
7 0 239 241
7 13 241 243
7 0 243 258
7 4 262 264
7 2 265 290
7 0 290 296
7 6 299 301
7 3 301 324
7 6 324 331
7 13 331 333
7 14 333 358
7 4 358 367
7 0 367 369
7 4 369 382
7 11 384 386
7 12 386 390
7 4 390 397
7 12 399 401
7 11 401 403
7 12 403 405
7 11 405 407
7 12 407 412
7 11 412 416
7 12 416 422
7 11 422 424
7 13 425 427
7 0 427 429
7 6 431 435
7 0 435 439
7 6 442 444
7 11 446 448
7 0 452 463
7 5 465 493
7 12 493 495
7 0 495 501
7 10 501 512
7 9 512 514
8 0 2 6
8 7 9 21
8 0 21 32
8 4 32 34
8 13 38 40
8 4 41 45
8 0 45 49
8 8 49 51
8 11 51 53
8 0 53 62
8 8 62 64
8 1 66 79
8 13 79 81
8 1 81 90
8 0 92 94
8 8 94 96
8 0 96 98
8 8 98 119
8 0 119 132
8 12 132 141
8 11 141 143
8 12 143 149
8 13 149 151
8 12 151 158
8 0 158 160
8 8 160 164
8 13 164 168
8 9 169 186
8 4 186 188
8 6 188 190
8 13 192 194
8 6 194 226
8 13 228 252
8 4 252 254
8 0 254 262
8 5 265 267
8 2 267 290
8 5 290 292
8 0 294 296
8 6 297 303
8 3 303 311
8 6 311 314
8 3 316 324
8 6 324 331
8 14 333 358
8 1 358 360
8 4 361 371
8 0 371 373
8 4 373 386
8 12 386 390
8 0 390 395
8 11 395 397
8 4 399 401
8 12 401 405
8 11 405 407
8 12 407 416
8 8 420 424
8 0 427 456
8 8 457 459
8 0 459 465
8 5 465 503
8 0 503 506
8 10 506 516
9 7 0 2
9 14 6 26
9 9 26 28
9 5 30 32
9 2 34 60
9 7 60 62
9 1 64 66
9 14 66 68
9 13 68 75
9 15 75 81
9 13 81 87
9 8 87 90
9 11 90 92
9 4 92 94
9 12 94 96
9 6 96 98
9 8 98 100
9 13 100 104
9 9 105 109
9 10 109 115
9 15 115 117
9 5 119 122
9 13 122 126
9 3 130 154
9 13 154 156
9 10 156 158
9 5 160 164
9 7 164 168
9 8 169 171
9 0 171 173
9 7 173 177
9 10 177 181
9 4 186 188
9 6 190 220
9 13 220 222
9 1 222 224
9 10 224 226
9 8 226 228
9 9 228 230
9 8 230 232
9 7 233 235
9 8 237 247
9 9 247 250
9 8 252 254
9 14 254 256
9 8 256 258
9 5 260 288
9 0 288 290
9 9 290 292
9 4 292 294
9 2 294 305
9 12 307 309
9 15 309 311
9 4 311 314
9 10 314 320
9 12 320 322
9 10 324 326
9 8 326 331
9 5 333 337
9 8 337 339
9 12 339 343
9 5 343 346
9 11 350 352
9 12 352 358
9 4 361 363
9 5 363 365
9 4 365 367
9 7 367 369
9 6 369 371
9 1 371 375
9 7 375 382
9 6 384 386
9 1 388 390
9 14 395 397
9 1 397 399
9 12 399 401
9 10 401 403
9 9 403 405
9 8 407 410
9 5 410 416
9 4 418 422
9 2 425 427
9 13 427 429
9 2 429 431
9 13 433 435
9 12 435 437
9 0 437 442
9 14 442 444
9 3 444 446
9 13 446 448
9 6 448 450
9 15 452 454
9 12 454 456
9 0 457 461
9 15 463 465
9 11 465 467
9 0 467 474
9 12 482 484
9 15 484 501
9 10 503 506
9 9 506 508
10 8 2 4
10 14 6 26
10 15 26 30
10 10 30 32
10 8 32 34
10 2 36 62
10 7 62 68
10 13 68 87
10 0 92 94
10 13 94 98
10 11 100 102
10 12 102 104
10 13 105 107
10 10 107 113
10 7 115 119
10 14 122 126
10 6 130 141
10 3 143 154
10 2 156 158
10 7 158 160
10 14 160 162
10 7 162 175
10 6 175 177
10 5 177 179
10 7 179 181
10 14 181 183
10 11 183 186
10 6 188 194
10 1 196 198
10 6 198 220
10 15 222 224
10 10 224 226
10 8 226 230
10 10 233 235
10 8 235 239
10 5 241 256
10 4 256 258
10 2 260 264
10 8 265 267
10 5 267 269
10 8 269 275
10 6 277 282
10 5 286 290
10 15 290 292
10 5 292 294
10 7 297 299
10 12 301 311
10 15 311 320
10 2 320 324
10 11 324 328
10 2 331 333
10 15 333 335
10 2 337 339
10 12 339 341
10 11 341 346
10 13 346 348
10 11 352 363
10 7 365 369
10 1 371 375
10 7 384 388
10 14 388 390
10 13 393 395
10 4 395 397
10 7 399 401
10 9 401 403
10 10 403 405
10 7 405 407
10 12 412 414
10 5 414 416
10 4 418 431
10 15 433 435
10 4 435 448
10 15 448 454
10 0 454 456
10 6 457 459
10 12 459 465
10 4 476 478
10 13 478 480
10 7 480 482
10 15 484 491
10 9 491 493
10 15 493 503
10 7 503 506
